#  HZ   S   DB   R     50.0000 
! Rohde & Schwarz ZVA/B 
! 
! 
! 

 1.000000000000000E9    -9.113529456130776E-1   1.159820189776476E2  -6.298231749279739E1   9.513451624301443E1  -6.126325352963148E1   1.182817784645227E2  -8.489635475781676E-1   1.220109922619433E2  
 1.005012531328321E9    -6.801697426153160E-1   1.047287875166905E2  -6.368317572034188E1   8.698887336513953E1  -6.305436485574541E1   9.572615832732278E1  -5.992477162387568E-1   1.100515120301919E2  
 1.010025062656642E9    -4.754843399961954E-1   8.987805084468272E1  -6.219516066660641E1   8.392214054923844E1  -6.339113895745325E1   7.419917380735997E1  -5.752624216903061E-1   9.056312576409336E1  
 1.015037593984963E9    -7.275686219477474E-1   7.347278056443854E1  -6.347727194198212E1   6.228170190727920E1  -6.221726723794462E1   7.528309943436132E1  -5.237050317792396E-1   7.686601162649588E1  
 1.020050125313283E9    -6.660344447339278E-1   5.610496916886191E1  -5.997774784223229E1   5.226001074777724E1  -6.065304726042081E1   6.677806183315362E1  -6.466113905534919E-1   6.233726521312583E1  
 1.025062656641604E9    -7.917913361853294E-1   4.215851176678877E1  -6.074753147737452E1   5.147484914642737E1  -5.910438035835337E1   4.579697235111312E1  -5.613886591977424E-1   4.685832823351482E1  
 1.030075187969925E9    -6.640770379285195E-1   2.581807612635443E1  -6.007576995619573E1   2.776491869348898E1  -5.917779083719630E1   3.041543613822093E1  -5.620082680091554E-1   3.056720984560816E1  
 1.035087719298246E9    -3.393733870822465E-1   1.099112886090855E1  -5.907701796964076E1   1.506299501751358E1  -5.886114232324871E1   1.270692917639125E1  -6.414683995571721E-1   1.641596493319398E1  
 1.040100250626566E9    -5.676684570880616E-1  -5.662605217738659  -5.801254419632087E1   2.750972391279312E-1  -5.865373484702889E1  -1.433076404241318E1  -5.920064084983165E-1  -2.518202962095690  
 1.045112781954887E9    -6.356693446411940E-1  -2.307648642637032E1  -5.609856074254029E1  -2.038890232218717E1  -5.733307111918222E1  -3.105317833573905E1  -5.594886161682837E-1  -1.716074994333147E1  
 1.050125313283208E9    -4.219079969390548E-1  -3.702938748203413E1  -5.630900878167594E1  -4.802474503713093E1  -5.693312439456764E1  -4.566684539879218E1  -6.129362469175571E-1  -3.640857015868406E1  
 1.055137844611529E9    -6.174403361043008E-1  -5.276811081481107E1  -5.632559554317156E1  -6.647852278756132E1  -5.833858284658142E1  -6.099931898813059E1  -6.169829180050570E-1  -5.019060878314530E1  
 1.060150375939850E9    -4.527825977178467E-1  -6.901537786450265E1  -5.630537771391253E1  -8.534589147111296E1  -5.802386078234076E1  -7.806288628356087E1  -4.875058270852075E-1  -6.756507878036271E1  
 1.065162907268171E9    -6.992386541139016E-1  -8.534705617439587E1  -5.773793198794838E1  -1.023363020938469E2  -5.728022436751047E1  -9.845335807981182E1  -5.820553255297335E-1  -8.208952871343684E1  
 1.070175438596491E9    -6.323927332635743E-1  -1.008077050340036E2  -5.804023903624375E1  -1.170848256452256E2  -5.762888467817142E1  -1.073076732524897E2  -6.341345743220846E-1  -9.647214615103844E1  
 1.075187969924812E9    -3.704449990800148E-1  -1.186864760657782E2  -5.871555710202195E1  -1.338633666477032E2  -5.965244410759627E1  -1.300114748530007E2  -7.566816879898777E-1  -1.124256626361768E2  
 1.080200501253133E9    -4.691302550061787E-1  -1.308392213266532E2  -5.969446018045228E1  -1.454960907198211E2  -6.103994078984626E1  -1.492908295073127E2  -7.440336667093973E-1  -1.287910352425631E2  
 1.085213032581454E9    -4.090585405179434E-1  -1.468343514131645E2  -6.314496805912564E1  -1.500290959633929E2  -5.977194895375435E1  -1.630845469607008E2  -5.855023689261615E-1  -1.453890682385314E2  
 1.090225563909775E9    -7.020924321662109E-1  -1.653081545760897E2  -6.104444564935665E1  -1.710619870545076E2  -6.076029692383255E1  -1.671590266235694E2  -4.124345047097576E-1  -1.612320138305593E2  
 1.095238095238095E9    -4.604997849228572E-1  -1.775506891720195E2  -6.196802500727735E1  -1.719553776958035E2  -6.045903230426766E1  -1.751723540857570E2  -4.967992254534258E-1  -1.745340321668959E2  
 1.100250626566416E9    -3.394227138735600E-1   1.656977532888112E2  -6.066673126910363E1   1.788431039466459E2  -6.073533527901800E1  -1.795550296895300E2  -4.354550805528155E-1   1.715122271718241E2  
 1.105263157894737E9    -4.390101879825966E-1   1.498452897974523E2  -6.041565910299585E1   1.777180613660990E2  -6.040535530985029E1   1.680956274986002E2  -5.484990389377559E-1   1.548349734971926E2  
 1.110275689223058E9    -4.481846824803163E-1   1.347488348960327E2  -5.904858477915489E1   1.609691530145307E2  -5.911160947132250E1   1.574950956902711E2  -4.407578638850004E-1   1.374145110886991E2  
 1.115288220551379E9    -3.809355590605276E-1   1.177848401570973E2  -5.861885212954540E1   1.405454414052397E2  -5.802172337068230E1   1.369434173236072E2  -4.460969935154756E-1   1.235756029939216E2  
 1.120300751879699E9    -5.233226753750894E-1   1.042885695068113E2  -5.677898145655893E1   1.245491845255571E2  -5.824128891420968E1   1.151269144226483E2  -5.764468804621196E-1   1.076519954426186E2  
 1.125313283208020E9    -6.242897382877083E-1   8.656510195682169E1  -5.662053852870609E1   1.087675934059111E2  -5.732447896054458E1   1.017257676390584E2  -6.079714226371549E-1   9.271990933455975E1  
 1.130325814536341E9    -6.365320126985556E-1   7.153663825645479E1  -5.682441819387996E1   9.013077170715901E1  -5.776263688818032E1   8.604624907988782E1  -6.029321028503477E-1   7.747198261561867E1  
 1.135338345864662E9    -6.999982783692488E-1   5.550309690090293E1  -5.641403254729040E1   6.654783361308606E1  -5.689556457281277E1   6.805789422410605E1  -5.731884516251697E-1   6.060032854780214E1  
 1.140350877192982E9    -5.030614038456269E-1   3.958704130972227E1  -5.590258715074392E1   4.662958352894282E1  -5.664491714052959E1   5.298857111695595E1  -7.138947135318632E-1   4.592505247691894E1  
 1.145363408521303E9    -5.784579390715771E-1   2.026783454294185E1  -5.697274925039472E1   2.691903217771336E1  -5.850211755860077E1   3.337527082878372E1  -6.983296503206637E-1   2.729964366850124E1  
 1.150375939849624E9    -7.499895200027642E-1   6.475586381566073  -5.692638636964663E1   1.915388836554628E1  -5.847181232485170E1   2.245636109652814E1  -5.633624672680128E-1   1.179507507260096E1  
 1.155388471177945E9    -5.897299546468591E-1  -9.295794005003174  -5.820118778058804E1   5.529466215962700  -5.744839160614511E1   6.229254816666548  -7.318285433034601E-1  -4.486444709302938  
 1.160401002506266E9    -6.253895106145169E-1  -2.757583353380814E1  -5.973654098748885E1  -1.101935352181639E1  -5.893316579866767E1   3.411348064013196  -6.911283170683861E-1  -2.156885313961355E1  
 1.165413533834586E9    -3.868397506054080E-1  -4.238152575604418E1  -5.833260917084081E1  -1.103362521180720E1  -5.691420645973750E1  -1.388900230991656E1  -5.808241387520470E-1  -3.579194626069222E1  
 1.170426065162907E9    -3.678083664763283E-1  -5.931509442506586E1  -5.824156035047367E1  -2.474289240919308E1  -5.880953242614928E1  -2.678724489333139E1  -3.214126370409676E-1  -5.012172438110483E1  
 1.175438596491228E9    -3.382997029078070E-1  -7.412695823399473E1  -5.811980724473254E1  -4.172217866006768E1  -5.800572033932241E1  -3.504443025606794E1  -3.244876123031004E-1  -7.095813318927345E1  
 1.180451127819549E9    -3.855313807548718E-1  -8.811092691935609E1  -5.750618890259599E1  -4.356324022819709E1  -5.781725529373890E1  -6.009613931291671E1  -2.986371644234944E-1  -8.387677016910865E1  
 1.185463659147870E9    -4.870627584508984E-1  -1.050896440664709E2  -5.752342063356450E1  -6.234728468696265E1  -5.700876817861122E1  -6.532728279398565E1  -4.605780623516109E-1  -9.865749335562377E1  
 1.190476190476191E9    -5.123680013400340E-1  -1.190145292260571E2  -5.670280617027691E1  -7.949404788840700E1  -5.721343214035347E1  -7.624832694590258E1  -5.153354305374099E-1  -1.150710084658186E2  
 1.195488721804511E9    -4.221869371597050E-1  -1.353018963247901E2  -5.595708884199058E1  -9.667443984592208E1  -5.680073516873316E1  -1.000392946549078E2  -5.075015234179453E-1  -1.309930564687089E2  
 1.200501253132832E9    -4.849504157656747E-1  -1.493095865981308E2  -5.562976309787462E1  -1.106818970215243E2  -5.644592408420619E1  -1.101135199307550E2  -5.592876708977876E-1  -1.448050478142999E2  
 1.205513784461153E9    -6.791749637705287E-1  -1.644234640215840E2  -5.588878322026234E1  -1.325938252540775E2  -5.635870001059367E1  -1.242426421995955E2  -7.816265521402579E-1  -1.602167232669604E2  
 1.210526315789474E9    -6.689978846261135E-1  -1.782551599851298E2  -5.551633537274374E1  -1.421371373623441E2  -5.608234826688385E1  -1.475496803801017E2  -7.019085898270845E-1  -1.735704621385430E2  
 1.215538847117795E9    -5.784031200961078E-1   1.648746233501834E2  -5.542440967112000E1  -1.630327387406191E2  -5.522510436619893E1  -1.609161035954027E2  -6.667642319664345E-1   1.704635686517806E2  
 1.220551378446115E9    -6.739625129444462E-1   1.501942342821025E2  -5.476862476021005E1  -1.774026654976552E2  -5.426905893359202E1   1.779552812648184E2  -9.331130729404495E-1   1.559900502301251E2  
 1.225563909774436E9    -9.521766673464986E-1   1.350601633161928E2  -5.575926860729260E1   1.628781721648963E2  -5.415312477213695E1   1.655651076896490E2  -8.553483510697814E-1   1.395703611227732E2  
 1.230576441102757E9    -6.437631636875701E-1   1.198627860196369E2  -5.500443097428342E1   1.463526193920853E2  -5.622733248349743E1   1.486880959401932E2  -8.753766553856572E-1   1.246095636886146E2  
 1.235588972431078E9    -6.419081525949724E-1   1.006798268705316E2  -5.673786308922055E1   1.301569761379873E2  -5.590084300837553E1   1.232419772176415E2  -7.463246518925805E-1   1.084105127470704E2  
 1.240601503759399E9    -4.926690052782936E-1   8.169776931261063E1  -5.713795277304407E1   1.249510700513674E2  -5.729685425493189E1   1.176097267821619E2  -6.130194702064998E-1   9.303559643919928E1  
 1.245614035087719E9    -4.983169588512432E-1   6.997597255146562E1  -5.649976797804018E1   1.033170417719857E2  -5.666189751823955E1   1.016906844441168E2  -5.932601776635410E-1   7.169773387571895E1  
 1.250626566416040E9    -3.494208743629758E-1   5.377106065262738E1  -5.745263452070459E1   9.464708406033564E1  -5.878894785992224E1   9.822731855810339E1  -5.203775944148084E-1   5.950677847250702E1  
 1.255639097744361E9    -5.512637195821413E-1   3.742900969725373E1  -5.774456676180870E1   7.701139796009977E1  -5.767194781513672E1   8.965392794735659E1  -6.923728257798718E-1   4.132551232480294E1  
 1.260651629072682E9    -4.629286827614237E-1   2.170966682293053E1  -5.760200464979971E1   7.597941332051097E1  -5.920069249909898E1   6.677641563032867E1  -5.191416073518079E-1   2.397018136386478E1  
 1.265664160401002E9    -4.738421197501742E-1   3.588128768671021  -5.758469491303716E1   5.912633482450428E1  -5.727107305848077E1   6.344149652718786E1  -4.702141568244727E-1   7.325330210142073  
 1.270676691729323E9    -3.724556293417156E-1  -9.590280053147959  -5.699506253190038E1   5.320996954764939E1  -5.772092442394311E1   4.937930768338840E1  -3.962205646018163E-1  -7.973863140822890  
 1.275689223057644E9    -4.580748415996235E-1  -2.825156009787064E1  -5.563232798517593E1   3.224500926373715E1  -5.631934568350461E1   3.839342911523274E1  -5.237307784445745E-1  -2.339731911751584E1  
 1.280701754385965E9    -5.693011978600699E-1  -4.547572056962551E1  -5.673796184979226E1   2.338162467370016E1  -5.766198268819939E1   3.453102193511354E1  -5.479710444985815E-1  -3.979655015386418E1  
 1.285714285714286E9    -7.810230159545317E-1  -5.711413611458237E1  -5.704091127120747E1   3.889815332547443  -5.623314687889435E1   7.774183844433781  -5.220031853330462E-1  -5.315806186122118E1  
 1.290726817042607E9    -6.489117756109591E-1  -7.280796513162029E1  -5.597365041526352E1  -4.306269193652097  -5.594200014558962E1  -7.419144414570837  -6.589056415574003E-1  -7.002470342967669E1  
 1.295739348370927E9    -6.384164957761458E-1  -8.811027660317787E1  -5.650990825384261E1  -1.659500476928175E1  -5.472402842894353E1  -2.851445389025516E1  -6.690114012616786E-1  -8.570338661124185E1  
 1.300751879699248E9    -5.299037131854613E-1  -1.037767470036947E2  -5.515797689282552E1  -3.384011254703238E1  -5.470592964972363E1  -2.967812293528932E1  -6.301806787859472E-1  -9.804942759921825E1  
 1.305764411027569E9    -7.389820739143360E-1  -1.192993109748152E2  -5.539939919109190E1  -4.520196096115553E1  -5.466781815051031E1  -4.990919497409650E1  -7.286122898297309E-1  -1.143505188867170E2  
 1.310776942355890E9    -6.518577169534685E-1  -1.346051250338346E2  -5.496555492339378E1  -6.876226132318345E1  -5.433442040424632E1  -7.017197904421570E1  -8.760526906661897E-1  -1.293891176962627E2  
 1.315789473684211E9    -5.351241290265286E-1  -1.510485730761870E2  -5.473354049136938E1  -8.295036966221348E1  -5.472707856471355E1  -9.269139175402195E1  -8.165823704531395E-1  -1.435111481397557E2  
 1.320802005012531E9    -7.902274925780133E-1  -1.677159070924960E2  -5.387349204847538E1  -9.644830347612748E1  -5.517657959034298E1  -9.956102242823386E1  -6.352627536710506E-1  -1.590267418313039E2  
 1.325814536340852E9    -5.209851349116603E-1   1.752082626193957E2  -5.416548124561342E1  -1.087098103236667E2  -5.505256828911145E1  -1.136699156804498E2  -7.052471627277943E-1  -1.768573128552802E2  
 1.330827067669173E9    -6.122222669635747E-1   1.606134165056403E2  -5.551011967627715E1  -1.249284111054939E2  -5.579478500252381E1  -1.276570867648579E2  -8.682583958051426E-1   1.664662691393208E2  
 1.335839598997494E9    -6.250627057979027E-1   1.441880065267417E2  -5.427140278787255E1  -1.410774503544477E2  -5.506716204461370E1  -1.460828557100338E2  -8.391439255164630E-1   1.540374128002793E2  
 1.340852130325815E9    -6.276059504483462E-1   1.274266080560241E2  -5.540799889548004E1  -1.556993572247295E2  -5.601568605386915E1  -1.537152046714053E2  -1.104192029322817   1.366745445916674E2  
 1.345864661654135E9    -8.033325659233394E-1   1.136864252282573E2  -5.525125321520692E1  -1.741631413472870E2  -5.629477141838263E1  -1.683466686932037E2  -1.103211898275870   1.179717875443115E2  
 1.350877192982456E9    -7.005526652346589E-1   9.757403402802196E1  -5.557194667474290E1  -1.775637415172669E2  -5.536751546772236E1   1.793979857544180E2  -8.652800422942157E-1   1.021915555532741E2  
 1.355889724310777E9    -6.816343286751289E-1   8.507001382701967E1  -5.553898027128646E1   1.658229843709004E2  -5.538759282356901E1   1.733956865934487E2  -6.836950738318242E-1   8.782827619540691E1  
 1.360902255639098E9    -7.832959747299058E-1   6.905279746826493E1  -5.514613449393747E1   1.534624891657479E2  -5.480072212877084E1   1.600366465342596E2  -7.985812289502501E-1   7.168794573624045E1  
 1.365914786967419E9    -6.693294276946662E-1   5.259123888214494E1  -5.499764428407879E1   1.418742209458071E2  -5.423909290298283E1   1.476230801881808E2  -7.701349814019419E-1   5.735385092643783E1  
 1.370927318295739E9    -6.852977609484959E-1   3.810472258823988E1  -5.431056094366726E1   1.269371410930484E2  -5.395647800074993E1   1.316085358220062E2  -7.696797120568671E-1   4.131172628192579E1  
 1.375939849624060E9    -6.819203963367314E-1   2.106077507638781E1  -5.415691721779416E1   1.115166811718891E2  -5.327173265731163E1   1.196145513302046E2  -6.442396375262353E-1   2.587852770058095E1  
 1.380952380952381E9    -9.680459115956386E-1   5.744396464399258  -5.306729057267756E1   1.026776841955612E2  -5.318628301382166E1   1.031698723807949E2  -5.872674148632273E-1   9.635156725333879  
 1.385964912280702E9    -8.582775859439994E-1  -1.218040419947258E1  -5.274747507240722E1   8.567842204049583E1  -5.193709602539876E1   8.357436300158109E1  -6.319667963073317E-1  -4.341491952896766  
 1.390977443609023E9    -8.413613620423237E-1  -2.724406104365096E1  -5.278205789763720E1   6.858981720095821E1  -5.203177237610489E1   6.663736574656541E1  -7.884120122765033E-1  -2.058602368068179E1  
 1.395989974937343E9    -7.769480121514215E-1  -4.289695913537548E1  -5.173098940056606E1   5.144119546176285E1  -5.208418398570375E1   4.743481188602350E1  -8.525533302634466E-1  -3.652269737255138E1  
 1.401002506265664E9    -7.956773831012541E-1  -5.928755573403822E1  -5.174907731229659E1   3.395713431482611E1  -5.212838433125680E1   3.031828092306289E1  -8.164872188792781E-1  -5.238625125734330E1  
 1.406015037593985E9    -9.299431801682541E-1  -7.567638543447600E1  -5.187413177960680E1   1.575424848521733E1  -5.274526429841612E1   1.066548244920911E1  -8.748504315216411E-1  -6.800766282811745E1  
 1.411027568922306E9    -7.771289462312132E-1  -9.224286274055704E1  -5.192714061919786E1  -2.887740494181516  -5.385838740678610E1  -1.077756903813553  -8.393580549957426E-1  -8.242977744077741E1  
 1.416040100250627E9    -8.269027828909153E-1  -1.069105251083402E2  -5.241013095159759E1  -2.067662840159985E1  -5.403552845637493E1  -1.865687627563370E1  -9.160315043202847E-1  -9.907359284197685E1  
 1.421052631578947E9    -7.345089602633816E-1  -1.245244504410652E2  -5.312753595733376E1  -2.903421462943043E1  -5.370939324888212E1  -3.450421943158223E1  -8.112996463525177E-1  -1.142167989048052E2  
 1.426065162907268E9    -7.437056317646793E-1  -1.415815898391809E2  -5.352613538574362E1  -4.823427963169048E1  -5.380453618975231E1  -4.813474894643962E1  -1.039361386681692  -1.311192556594540E2  
 1.431077694235589E9    -7.835242497970804E-1  -1.560370109020383E2  -5.380316703389489E1  -5.971968897967449E1  -5.458842067405075E1  -5.104279143162950E1  -1.065871150404394  -1.482094754150103E2  
 1.436090225563910E9    -7.881721305091989E-1  -1.712013952459962E2  -5.457229634156622E1  -7.461022519960618E1  -5.451757780258470E1  -6.872429874265113E1  -8.794056895021650E-1  -1.626272832922781E2  
 1.441102756892231E9    -6.846748265311311E-1   1.740500987304995E2  -5.461867869243545E1  -8.558106628836733E1  -5.527703243047386E1  -7.212283520300252E1  -9.925702107758251E-1  -1.795352569710017E2  
 1.446115288220552E9    -7.074066843708728E-1   1.606371516570353E2  -5.411431230734613E1  -8.968804223576657E1  -5.423033089236520E1  -8.766773675362201E1  -1.024941404308145   1.651077209128006E2  
 1.451127819548872E9    -6.011975021901818E-1   1.465617480942080E2  -5.479733889470550E1  -1.009551460795920E2  -5.400121401462661E1  -1.025808559192473E2  -1.048987841701638   1.517623702816576E2  
 1.456140350877193E9    -7.458151704584426E-1   1.312408066450426E2  -5.361735057450382E1  -1.187950989933994E2  -5.324488674151506E1  -1.095415321443700E2  -1.114121579821374   1.349928628562285E2  
 1.461152882205514E9    -8.472278271647897E-1   1.142880172211986E2  -5.402182879865217E1  -1.328547438055053E2  -5.256745541203755E1  -1.274663355372103E2  -9.483308559187723E-1   1.191928426917534E2  
 1.466165413533835E9    -9.052167120728422E-1   1.001917785251416E2  -5.342923564071248E1  -1.436111913229757E2  -5.177358321293121E1  -1.462314197431106E2  -1.045644497471843   1.032374425873893E2  
 1.471177944862155E9    -9.712416909327946E-1   8.411834172702646E1  -5.207057571404489E1  -1.579153164909154E2  -5.202734174648948E1  -1.609448287397765E2  -9.700807074961091E-1   8.990410537703484E1  
 1.476190476190476E9    -1.094622974003383   6.922164288657024E1  -5.182633307918347E1  -1.740412655630435E2  -5.148800912519739E1   1.795120453855553E2  -1.175167706875359   7.477773557116160E1  
 1.481203007518797E9    -9.979029390209665E-1   5.150164528542946E1  -5.127943271872537E1   1.639680652377892E2  -5.181367751378527E1   1.653630688554118E2  -1.139142346213413   5.953839559244459E1  
 1.486215538847118E9    -1.140397003947498   3.551267803141637E1  -5.121998322590431E1   1.527018260675959E2  -5.201096279782939E1   1.467311897050144E2  -1.235153360637678   4.340649345051012E1  
 1.491228070175439E9    -1.096573543636443   2.019785091631522E1  -5.081901007725679E1   1.325338032667936E2  -5.227047624505917E1   1.308377865702093E2  -1.174783446752193   2.646579000824603E1  
 1.496240601503759E9    -1.108501127902963   1.996271485152915  -5.077645256934170E1   1.143548204474102E2  -5.251467930328081E1   1.139553160002419E2  -1.321825833902672   1.461920640830480E1  
 1.501253132832080E9    -1.030701239925046  -1.492390924750892E1  -5.113325684890766E1   9.675682198390322E1  -5.286572734598654E1   1.001602265261300E2  -1.231962853789690  -4.207144670790085  
 1.506265664160401E9    -9.978863450521969E-1  -2.874804044769653E1  -5.194440982439313E1   8.310915501606458E1  -5.352874608836882E1   8.906098440507185E1  -1.364285495243292  -1.934788175129262E1  
 1.511278195488722E9    -9.389605323936010E-1  -4.977924466822809E1  -5.187571306256911E1   6.466308222454346E1  -5.394811253288107E1   7.695408182867115E1  -1.143324388095886  -3.680287758455093E1  
 1.516290726817043E9    -1.052283869876328  -6.554692669059551E1  -5.291664763504298E1   5.017834277038909E1  -5.368875918607989E1   6.287095071962035E1  -1.192618607474509  -5.080990552466485E1  
 1.521303258145363E9    -9.318794057996894E-1  -8.088638547586967E1  -5.364773851830322E1   3.946134480899328E1  -5.306624402644926E1   4.852201190492056E1  -9.622178065303090E-1  -6.801972384772641E1  
 1.526315789473684E9    -1.051938560740992  -9.455167905892459E1  -5.313606837696054E1   2.519862844598271E1  -5.307141247467182E1   3.562869673427143E1  -1.036945036367530  -8.614527638500999E1  
 1.531328320802005E9    -1.118634910247611  -1.105515829468004E2  -5.411189515529409E1   1.292763277754669E1  -5.356533397111198E1   2.455357360059373E1  -1.026242556414252  -1.029969721397054E2  
 1.536340852130326E9    -1.024780095394060  -1.235125653186848E2  -5.415929835076888E1   4.138071575907196  -5.326209146515522E1   1.214459819165139E1  -9.664224286101979E-1  -1.168203822183630E2  
 1.541353383458647E9    -9.934698147609917E-1  -1.398283298577421E2  -5.426539672930779E1  -4.901722647002278  -5.198496220025967E1  -2.652415904869416  -9.548205901211820E-1  -1.349662546452140E2  
 1.546365914786967E9    -9.306846347416954E-1  -1.554851176905470E2  -5.342479809445435E1  -1.834658352830532E1  -5.229263567486230E1  -2.045254231822447E1  -1.029288626378295  -1.493802037011625E2  
 1.551378446115288E9    -1.104518569534961  -1.693704019138119E2  -5.389349723631391E1  -2.664951203981514E1  -5.165060607812217E1  -3.751051331849862E1  -9.349840041984857E-1  -1.639406456202250E2  
 1.556390977443609E9    -1.070542204732633   1.764144131763007E2  -5.233997826028570E1  -4.503848189425052E1  -5.104986579137367E1  -5.681605134237449E1  -1.155121902460867  -1.799349983306766E2  
 1.561403508771930E9    -1.180719501975520   1.628385706175912E2  -5.193842629026722E1  -6.236875923227488E1  -5.164478389620925E1  -7.101265925438521E1  -1.240896709001476   1.697498952012362E2  
 1.566416040100251E9    -1.006042299657033   1.463164272007684E2  -5.163866514023186E1  -7.641724041906875E1  -5.357313429788059E1  -8.989273921066345E1  -1.182662267967035   1.524325969595892E2  
 1.571428571428572E9    -1.100575291077998   1.305054487483687E2  -5.178381008642820E1  -9.294291254735705E1  -5.307832563480044E1  -1.034355101951167E2  -1.075953901017352   1.352035756824562E2  
 1.576441102756892E9    -1.084931032674000   1.155349755689896E2  -5.190866002352401E1  -1.112881664616125E2  -5.426947046109900E1  -1.159284625383235E2  -1.270977616936489   1.228970976899614E2  
 1.581453634085213E9    -1.192377859415416   9.785920623029465E1  -5.234460978410036E1  -1.258049473942333E2  -5.490617691169463E1  -1.318554863614296E2  -1.220815047370846   1.091140781679238E2  
 1.586466165413534E9    -1.106730327547817   8.193616891721096E1  -5.333716093633744E1  -1.483405306338019E2  -5.477063712103924E1  -1.301812414512179E2  -1.276031341112972   9.539876332454017E1  
 1.591478696741855E9    -1.157529918831525   6.595296321523327E1  -5.370022208092198E1  -1.600344845686362E2  -5.445124124920361E1  -1.454652598448766E2  -1.175028952059619   8.015786406316558E1  
 1.596491228070175E9    -1.167460276593417   4.975738719281511E1  -5.345151061563854E1  -1.729393448197293E2  -5.490179864669609E1  -1.515869202875256E2  -1.236806004747659   6.352483030343577E1  
 1.601503759398496E9    -1.164813645895986   3.438333499622814E1  -5.300829788309052E1   1.716462554923413E2  -5.309643533890960E1  -1.725968389633163E2  -1.312099961475949   4.508816000232240E1  
 1.606516290726817E9    -1.214789995626742   1.670888797837467E1  -5.489525625748818E1   1.624849579561781E2  -5.320497173420171E1  -1.783262362934632E2  -1.120365677725660   2.889739432428923E1  
 1.611528822055138E9    -1.112676003580138  -7.211476106474712E-1  -5.513059313852516E1   1.490971438066689E2  -5.261550318002939E1   1.650141204201022E2  -1.164536210586300   1.212897350977269E1  
 1.616541353383459E9    -1.314258709443289  -1.663627820089287E1  -5.588004200586888E1   1.362915751233725E2  -5.248097751630708E1   1.474983743568894E2  -1.183423075926138  -3.886780682006547  
 1.621553884711780E9    -1.190441706023288  -2.710513663130526E1  -5.575881018262925E1   1.302389748513270E2  -5.255825333711853E1   1.301276671723363E2  -1.067080124676914  -2.105248923575495E1  
 1.626566416040100E9    -1.213946592043717  -4.488828975330139E1  -5.518784231270237E1   1.233546644287910E2  -5.168749449791603E1   1.159815493565274E2  -1.224763454818203  -3.877253560173787E1  
 1.631578947368421E9    -1.162359732966925  -5.861251509209404E1  -5.364938249939397E1   1.113349922638060E2  -5.272071309874330E1   9.592965255432404E1  -1.186752149023169  -5.336596953293518E1  
 1.636591478696742E9    -1.069165416641352  -7.570078272129274E1  -5.337226351294865E1   9.307240728515008E1  -5.295531243401187E1   7.474142552848076E1  -1.235379034338656  -6.942408504681742E1  
 1.641604010025063E9    -1.063458294614163  -9.127786011482904E1  -5.327708540651186E1   8.461432097761330E1  -5.327502897751621E1   6.555191363924726E1  -1.135341535667774  -8.558961477737149E1  
 1.646616541353384E9    -1.117549014843901  -1.079368502197067E2  -5.215399276169994E1   6.863886374109897E1  -5.386630229595360E1   4.484128367280745E1  -1.212780805315088  -1.000697121265204E2  
 1.651629072681704E9    -1.190059110838239  -1.243064516798630E2  -5.164998037139338E1   5.005226125743580E1  -5.458981575895250E1   3.337258438791789E1  -1.097102263602654  -1.147647274024810E2  
 1.656641604010025E9    -1.141120843513206  -1.391002800352200E2  -5.223883090278387E1   2.999928378191640E1  -5.561063589188232E1   2.869069739605043E1  -1.017054411387373  -1.271876092241740E2  
 1.661654135338346E9    -1.116865756124561  -1.574661121603140E2  -5.176477506779283E1   1.504158558330343E1  -5.496763207874047E1   2.512564675250565E1  -1.023001964962248  -1.427677028509455E2  
 1.666666666666667E9    -1.289130356676092  -1.724074277700270E2  -5.174285390342860E1  -1.113112377158708E-1  -5.544327676073455E1   7.537126028801104  -9.801607876820557E-1  -1.564181972878432E2  
 1.671679197994988E9    -1.418313741375768   1.732828411700304E2  -5.274644251092692E1  -2.081458719061862E1  -5.432912021247249E1  -5.809612609172225  -9.181768396107328E-1  -1.728576030636155E2  
 1.676691729323309E9    -1.378393165651210   1.565084775593686E2  -5.426185897716976E1  -3.484974146529577E1  -5.492876172471978E1  -1.508586343536265E1  -8.072844533985374E-1   1.737263864848115E2  
 1.681704260651629E9    -1.129066900361199   1.407535063526415E2  -5.433685201686310E1  -5.021777935815224E1  -5.286665517485252E1  -2.356636689069123E1  -7.775005901620680E-1   1.565925781531172E2  
 1.686716791979950E9    -1.210387936741661   1.266386016498894E2  -5.462070607912020E1  -6.401184900665916E1  -5.264963200279860E1  -4.493675572329015E1  -9.348613970908986E-1   1.398986717945233E2  
 1.691729323308271E9    -1.244387516280478   1.097038906574394E2  -5.555782085124046E1  -7.765915640273842E1  -5.239041698603113E1  -6.174425904446640E1  -9.194522640233775E-1   1.265261565220309E2  
 1.696741854636591E9    -1.122412365641269   9.630033903269563E1  -5.650333250549146E1  -8.251536490361575E1  -5.267343034216039E1  -7.971066241299425E1  -1.024388051504954   1.083849249298528E2  
 1.701754385964912E9    -8.778048694444719E-1   8.600217198820714E1  -5.532360033196591E1  -9.050159019801070E1  -5.255459214058683E1  -9.572218020336193E1  -1.184320151964637   9.269071794951030E1  
 1.706766917293233E9    -8.355512788593521E-1   6.953275214958224E1  -5.668131364823983E1  -9.466260467404308E1  -5.259561774765890E1  -1.172706488040708E2  -1.153304779088218   7.577692086889725E1  
 1.711779448621554E9    -6.849401001083819E-1   5.521398392791131E1  -5.549816254088022E1  -1.085743522943390E2  -5.392312356711309E1  -1.257937489823044E2  -1.247572506821783   6.067540464211461E1  
 1.716791979949875E9    -8.754802177657132E-1   3.682313356570045E1  -5.493386878394891E1  -1.272406931078482E2  -5.513531213417157E1  -1.419153088629053E2  -1.257457257330021   4.426775175173874E1  
 1.721804511278195E9    -9.042770115866361E-1   2.003013872048321E1  -5.394223579342774E1  -1.368136911341178E2  -5.565708786844736E1  -1.556029683761782E2  -1.249787148850545   2.640275632101201E1  
 1.726817042606516E9    -8.603433263737211E-1   3.321392735196899  -5.475382586474459E1  -1.497677480192978E2  -5.653407005897181E1  -1.577611687155505E2  -9.667224437329200E-1   1.123003522320563E1  
 1.731829573934837E9    -8.349234205678202E-1  -1.400098045015502E1  -5.359911573054065E1  -1.614739936566392E2  -5.572729131600303E1  -1.695527873066199E2  -8.990554037152888E-1  -5.578660623966185  
 1.736842105263158E9    -1.030912013184938  -3.063459343875967E1  -5.323313916777905E1   1.774810027359806E2  -5.719227359437219E1   1.768447779113336E2  -8.283779318690021E-1  -1.861245941722611E1  
 1.741854636591479E9    -1.215331737177518  -4.667631961602930E1  -5.403651391424337E1   1.592744900763370E2  -5.715212294389936E1   1.712198356230780E2  -8.981362298337916E-1  -3.411026861226809E1  
 1.746867167919800E9    -1.241677728884554  -6.365950920940393E1  -5.423991903566622E1   1.458045778447056E2  -5.659782969819101E1   1.657500971119984E2  -7.232175595434761E-1  -5.215242664172880E1  
 1.751879699248120E9    -1.094804598294876  -7.988009608296223E1  -5.454066729711531E1   1.317077752152024E2  -5.723203379291003E1   1.502046128044357E2  -6.909063804549113E-1  -6.728719083139163E1  
 1.756892230576441E9    -1.316582842810673  -9.823331292078953E1  -5.487717664814755E1   1.239475077632023E2  -5.538335623446913E1   1.446291376287005E2  -6.578775566689662E-1  -8.151931674838494E1  
 1.761904761904762E9    -1.142408404071607  -1.136581222296018E2  -5.504956073311393E1   1.086211531660216E2  -5.381224498572993E1   1.340855306517792E2  -7.424455155961540E-1  -9.763437026354139E1  
 1.766917293233083E9    -1.092498243793137  -1.269627396808610E2  -5.528443307058704E1   9.820871428026690E1  -5.340628753122211E1   1.198512582235323E2  -8.561002474015715E-1  -1.116809430841593E2  
 1.771929824561404E9    -8.548969802849896E-1  -1.411622283597656E2  -5.373731022952098E1   9.161252377841487E1  -5.133628883588682E1   1.038700544334721E2  -9.522089959209801E-1  -1.275774858932799E2  
 1.776942355889724E9    -7.814111638664356E-1  -1.582406045170827E2  -5.377015217807098E1   7.581227281682418E1  -5.071503625992656E1   8.060145689185715E1  -9.227467416050047E-1  -1.437439169592676E2  
 1.781954887218045E9    -8.804205063898141E-1  -1.757800268560399E2  -5.292323511358937E1   6.283150696066026E1  -5.004183831692730E1   6.003750584640456E1  -1.031280041814889  -1.587649335085293E2  
 1.786967418546366E9    -5.853557795468757E-1   1.739875484440524E2  -5.304853777432697E1   5.332429096494082E1  -5.125102193010800E1   3.478440689614838E1  -1.251528127488008  -1.731757488679153E2  
 1.791979949874687E9    -6.787796193790338E-1   1.574523353580250E2  -5.308850884170417E1   3.916455515218899E1  -5.098565783435411E1   1.741061112488693E1  -1.217226262371718   1.694997230757789E2  
 1.796992481203008E9    -6.694159716317709E-1   1.433994646627497E2  -5.283764199724646E1   2.329343773593458E1  -5.180200330636291E1  -3.271031638021474  -1.148586391142153   1.542590600900271E2  
 1.802005012531328E9    -7.800599193616917E-1   1.293361872762039E2  -5.159678699801308E1   6.739492969351713  -5.249328804178025E1  -1.780461841617079E1  -1.140782092715269   1.380989195102181E2  
 1.807017543859649E9    -9.726160559614846E-1   1.136440940054370E2  -5.045257410048443E1  -3.474323744338763  -5.467163694108918E1  -3.306033121707858E1  -1.077366300313797   1.241544164479426E2  
 1.812030075187970E9    -9.957250821766019E-1   9.749425853622199E1  -5.129589967476198E1  -2.333011065672506E1  -5.590302468362212E1  -2.181279542760191E1  -1.001261870022511   1.084650427542812E2  
 1.817042606516291E9    -1.015024635956680   8.167320956718037E1  -5.072051079907547E1  -4.960055811724388E1  -5.478512923228544E1  -3.993624438041818E1  -8.649990214192639E-1   9.251254652858995E1  
 1.822055137844612E9    -1.284486666326917   6.665681310343385E1  -5.162943202237146E1  -6.604308985452762E1  -5.469552083860148E1  -5.666418224993836E1  -7.831638585160402E-1   7.867212767412968E1  
 1.827067669172932E9    -1.298165542823009   4.924906972563606E1  -5.216629229122419E1  -7.978116864874713E1  -5.440049317452024E1  -6.550157191490396E1  -1.000488706171748   5.855952677567947E1  
 1.832080200501253E9    -1.337533129685935   3.276731775261050E1  -5.323854808724461E1  -9.100951170123936E1  -5.476121288461790E1  -7.436994772776495E1  -6.299691046155511E-1   4.478386428604608E1  
 1.837092731829574E9    -1.372625481378136   1.678328979740657E1  -5.385493014416251E1  -1.032791952348502E2  -5.479110152509600E1  -8.701363889150973E1  -5.626584519731299E-1   2.842242698012296E1  
 1.842105263157895E9    -1.179860680603656   5.010947512070717E-1  -5.447016589804498E1  -1.206531389285338E2  -5.369886425975025E1  -9.800038810902922E1  -7.820987492068631E-1   1.103561759930716E1  
 1.847117794486216E9    -1.159490365897630  -1.609156079826630E1  -5.475978792266414E1  -1.293593186275473E2  -5.241596353185675E1  -1.082218169946705E2  -7.005850409255604E-1  -2.477047837963764  
 1.852130325814536E9    -9.712779082883286E-1  -3.440787212340016E1  -5.429180449468662E1  -1.412841029711762E2  -5.176469808348491E1  -1.258637587933487E2  -8.089792333242293E-1  -1.774747755458610E1  
 1.857142857142857E9    -8.609552576202031E-1  -5.020028477762076E1  -5.544322788221294E1  -1.496714321106311E2  -5.185544165110512E1  -1.448509426334372E2  -9.135816817931520E-1  -3.597887662999201E1  
 1.862155388471178E9    -8.610697044983121E-1  -6.588398659697286E1  -5.443293631796416E1  -1.567743061070216E2  -5.149155033598650E1  -1.658606190966766E2  -9.552769768052940E-1  -5.032648480254530E1  
 1.867167919799499E9    -9.106168291003647E-1  -8.229950059440415E1  -5.419638039116858E1  -1.749431193402913E2  -5.139478714952531E1   1.757959168534825E2  -9.893508256958397E-1  -6.549645914747264E1  
 1.872180451127820E9    -9.214182986379937E-1  -9.860608943066997E1  -5.328317689256245E1  -1.798110323031723E2  -5.182535548960303E1   1.619167004402395E2  -1.093184798825948  -8.139778871314350E1  
 1.877192982456141E9    -8.974270868499803E-1  -1.135651146505442E2  -5.231109454852872E1   1.639218488218309E2  -5.243455667885969E1   1.415784765623729E2  -1.232949741633931  -9.692510710414619E1  
 1.882205513784461E9    -9.626106413712520E-1  -1.282046216806653E2  -5.146349276021142E1   1.481499697326635E2  -5.337320704743981E1   1.249068538206260E2  -1.210975604209696  -1.146822629690845E2  
 1.887218045112782E9    -9.893880393493468E-1  -1.420156404064620E2  -5.202125299351817E1   1.267352078327604E2  -5.450710338969275E1   1.143088113674355E2  -1.222526925169860  -1.292170286544972E2  
 1.892230576441103E9    -9.824768992805893E-1  -1.572830080010758E2  -5.233535794373995E1   1.083147971005436E2  -5.454769549291449E1   9.921318709270791E1  -1.066967378893581  -1.451907232471193E2  
 1.897243107769424E9    -1.103509575529727  -1.729812836904753E2  -5.316011381234178E1   8.489735472448588E1  -5.602840511568110E1   9.401859364323293E1  -1.136876100842805  -1.576187144605266E2  
 1.902255639097745E9    -1.050450480370319   1.716016270624388E2  -5.393335873073772E1   6.817089333640578E1  -5.730940156871752E1   8.554382460312172E1  -1.007950074304757  -1.765450547353154E2  
 1.907268170426065E9    -1.031609886208919   1.549974537424814E2  -5.501582972551035E1   6.386926270017632E1  -5.638118407375897E1   7.750749160579704E1  -8.803093450919974E-1   1.686437569589211E2  
 1.912280701754386E9    -1.201056729335882   1.418419197657689E2  -5.524830129029539E1   4.562385574412876E1  -5.561215769367598E1   6.517915899973099E1  -9.777243333635678E-1   1.514093910237187E2  
 1.917293233082707E9    -1.283027982094979   1.257347151266240E2  -5.587050832231749E1   3.746722305175282E1  -5.675229351651111E1   5.622117993826939E1  -8.252092804261000E-1   1.395469344424423E2  
 1.922305764411027E9    -1.233373852693834   1.096202511585732E2  -5.630190058245399E1   2.895661471836952E1  -5.520063106310848E1   4.855436242105010E1  -7.794711076311883E-1   1.232770971299110E2  
 1.927318295739348E9    -9.101092162809829E-1   9.256604846568315E1  -5.663887702008898E1   2.343165330712508E1  -5.491144967865319E1   3.956378423192613E1  -7.838559986387114E-1   1.068243121574786E2  
 1.932330827067669E9    -9.606723293029924E-1   7.694047385818470E1  -5.707728123482641E1   1.142491791163199E1  -5.512659640270079E1   2.690405587900060E1  -8.405037227582061E-1   9.350541169901578E1  
 1.937343358395990E9    -8.553173456672765E-1   6.007152108988009E1  -5.656779911543016E1   8.854574200100327  -5.429319132069139E1   1.242246942352467E1  -8.247078508435745E-1   7.691161381464052E1  
 1.942355889724311E9    -7.509641662052807E-1   4.378255704705023E1  -5.556030681094708E1  -2.365709461039982  -5.272852379915203E1  -4.735930258863301  -8.893309399744572E-1   6.226573617543902E1  
 1.947368421052632E9    -6.913527228342989E-1   2.926214975298992E1  -5.443516231366161E1  -1.168562347240991E1  -5.236988510665224E1  -2.278532803572355E1  -9.300662283145861E-1   4.729880077493404E1  
 1.952380952380952E9    -7.675725944705462E-1   1.392614915179673E1  -5.377702048498340E1  -2.582136906719994E1  -5.239519042390043E1  -3.955943444634202E1  -1.000663036017572   3.138317402789080E1  
 1.957393483709273E9    -7.881183250064793E-1  -2.959401994799951  -5.353518572093347E1  -3.968734642284799E1  -5.345306584462655E1  -5.723260816789200E1  -9.923465964476500E-1   1.336164281101914E1  
 1.962406015037594E9    -8.085351637868044E-1  -1.837525772136102E1  -5.294501083409208E1  -5.427567031713717E1  -5.326270712949534E1  -7.347554053767242E1  -1.051972342930188   6.825903398863401E-2  
 1.967418546365915E9    -9.519928094231269E-1  -3.559369884500127E1  -5.327652575230654E1  -7.103187162510209E1  -5.438095720221980E1  -8.734762145775376E1  -1.023600155804634  -1.725036737376528E1  
 1.972431077694236E9    -9.026982790689502E-1  -5.048826144491744E1  -5.259439278193968E1  -9.488207802256989E1  -5.502306591134559E1  -9.461607121123494E1  -1.000141201572683  -3.402930017946638E1  
 1.977443609022556E9    -1.053405790903341  -6.573035248868625E1  -5.330091481557523E1  -1.125037006058776E2  -5.491682167032415E1  -1.043691761182615E2  -9.955525604668322E-1  -5.147589390075084E1  
 1.982456140350877E9    -1.199262668340158  -8.142280839859561E1  -5.548474274007410E1  -1.271090055776936E2  -5.726470190702149E1  -1.162540343258822E2  -1.112168444921312  -7.049645531938796E1  
 1.987468671679198E9    -1.118891612404380  -9.951925629074364E1  -5.596440569867155E1  -1.360739981255636E2  -5.539644995207783E1  -1.262562499176007E2  -9.866407008245596E-1  -8.611732631250899E1  
 1.992481203007519E9    -1.184337188329969  -1.161509684441306E2  -5.614595842417069E1  -1.573654785177595E2  -5.627488196358251E1  -1.323757503766983E2  -8.432565651982311E-1  -1.016990530147001E2  
 1.997493734335840E9    -1.060492379984502  -1.351196687715599E2  -5.738993328309309E1  -1.577588431240255E2  -5.733309911563981E1  -1.382461197723141E2  -7.609095556285628E-1  -1.170998760423555E2  
 2.002506265664161E9    -8.899837683502080E-1  -1.479480299686410E2  -5.771563851433574E1  -1.642157768643938E2  -5.572842652918836E1  -1.427354625831158E2  -7.344230189143076E-1  -1.305042689478040E2  
 2.007518796992481E9    -1.018409008873493  -1.640219588802227E2  -5.727511358883990E1  -1.651700916455937E2  -5.512576888761876E1  -1.530542002213368E2  -8.751706377709695E-1  -1.482337746835553E2  
 2.012531328320802E9    -1.083657970077949   1.793265086207949E2  -5.693385766072548E1  -1.743121454271673E2  -5.570273104494060E1  -1.669473189381470E2  -8.031684468989928E-1  -1.620776697622482E2  
 2.017543859649123E9    -9.584367628923252E-1   1.637689181995520E2  -5.718738013506469E1   1.794602581873915E2  -5.464486760588280E1  -1.760764751142700E2  -8.807026586898319E-1   1.797898096560032E2  
 2.022556390977444E9    -6.878218246431280E-1   1.509098428173659E2  -5.607969166215212E1   1.749105496540611E2  -5.443309480186890E1   1.689311401193978E2  -6.930098436383900E-1   1.670149647690150E2  
 2.027568922305764E9    -6.455441737337970E-1   1.346116706453881E2  -5.622146082434546E1   1.607575147196118E2  -5.307590859610517E1   1.622885286600327E2  -7.299542881381747E-1   1.537046117581679E2  
 2.032581453634085E9    -7.216626146126222E-1   1.181652778520575E2  -5.384846151490223E1   1.612303420503436E2  -5.299529268945680E1   1.436726720888829E2  -8.191711202753289E-1   1.382444367037708E2  
 2.037593984962406E9    -7.292394534114818E-1   1.054803414223467E2  -5.273725712353463E1   1.505264655780235E2  -5.233926401234196E1   1.275566006380239E2  -8.909132514492796E-1   1.229942466199546E2  
 2.042606516290727E9    -8.475978042976435E-1   8.999473803002255E1  -5.164012683557683E1   1.289726584536017E2  -5.164396251497213E1   1.104544380376938E2  -9.679763417917824E-1   1.080093655078307E2  
 2.047619047619048E9    -7.777798226632472E-1   7.458475620498908E1  -5.128749174098117E1   1.141319634259735E2  -5.226815386724810E1   9.918722164400650E1  -9.392203758209182E-1   9.247138048541440E1  
 2.052631578947369E9    -1.010979654841850   5.713658493462031E1  -5.127816806670688E1   9.522257787263528E1  -5.369780070083565E1   8.881760818691885E1  -8.873859568923985E-1   7.488335048473002E1  
 2.057644110275689E9    -1.135044760774404   4.073748024372574E1  -5.179117953807835E1   7.793565964221460E1  -5.486448843549163E1   8.495588800798876E1  -9.355507440963669E-1   6.026786242313381E1  
 2.062656641604010E9    -1.109870067344590   2.704673142700838E1  -5.259327545636125E1   6.688785796842338E1  -5.458055338352300E1   7.053500582812809E1  -9.503153775022668E-1   4.319759437035746E1  
 2.067669172932331E9    -1.204772481658218   8.128129962534333  -5.230443552146321E1   5.832254290491818E1  -5.345655242418663E1   7.058799651684123E1  -1.160532858232574   2.702995514575704E1  
 2.072681704260652E9    -1.356449004684729  -6.466602357475056  -5.277476371366776E1   4.499403227609744E1  -5.274074445871354E1   6.293724706058779E1  -1.151441750876978   1.107661307854692E1  
 2.077694235588973E9    -1.215676586166255  -2.340646357848605E1  -5.263677556833373E1   4.433891088892701E1  -5.206660442389715E1   5.404238932138311E1  -8.878823646917248E-1  -6.590017614951157  
 2.082706766917293E9    -1.137185598646755  -4.341762294640558E1  -5.206565783156794E1   3.090149911397547E1  -5.142373028858723E1   4.288989717896916E1  -8.917947984001829E-1  -2.506331565405452E1  
 2.087719298245614E9    -9.998560664685409E-1  -5.695252048070340E1  -5.229731322559189E1   3.071965339759752E1  -5.037051853549264E1   3.515025924089644E1  -7.381494098671536E-1  -4.056327614290315E1  
 2.092731829573935E9    -9.381081982164912E-1  -7.627844966919899E1  -5.103432924918543E1   1.556287850800339E1  -4.884033271819722E1   2.208456073803859E1  -1.009898383171903  -6.028427761230825E1  
 2.097744360902256E9    -7.839115490331474E-1  -9.054169874832918E1  -4.987416440102019E1   9.214854297776993  -4.858232812471692E1   9.199637781192907  -6.807339670656722E-1  -7.457614769535758E1  
 2.102756892230577E9    -8.067133595375244E-1  -1.068414790894695E2  -4.935204479557949E1  -6.600604861043595E-1  -4.738677799596401E1  -3.003728691374750  -8.084642398827681E-1  -8.993977703384618E1  
 2.107769423558897E9    -7.591136574718593E-1  -1.262475638418042E2  -4.767484859857901E1  -9.987079658942891  -4.583289893232291E1  -1.690719058934418E1  -8.175260763629315E-1  -1.045528169360258E2  
 2.112781954887218E9    -7.242979783201133E-1  -1.410825901904745E2  -4.609832072832725E1  -2.534645710026924E1  -4.537756511496498E1  -3.509019295531017E1  -8.091400336961167E-1  -1.208771967091332E2  
 2.117794486215539E9    -7.289056555784949E-1  -1.564535084773614E2  -4.537180149376705E1  -3.716405825886097E1  -4.528967771823319E1  -4.781353111509316E1  -9.383537367189508E-1  -1.341142884731553E2  
 2.122807017543860E9    -8.670074994109489E-1  -1.708846324916456E2  -4.421867516659952E1  -5.352502120566185E1  -4.495424938615308E1  -6.301668298515156E1  -9.995319904124291E-1  -1.504147292256826E2  
 2.127819548872181E9    -9.075878055296087E-1   1.734372521840292E2  -4.363156185251138E1  -6.920755974681913E1  -4.486582121269391E1  -7.683547710182852E1  -1.051612139473384  -1.648906380829323E2  
 2.132832080200501E9    -9.715548532724967E-1   1.597370017830162E2  -4.272277088935890E1  -8.697440374778735E1  -4.466089280295635E1  -9.001402941512548E1  -9.987720698812425E-1   1.797463698775395E2  
 2.137844611528822E9    -1.132451071831754   1.447092295227336E2  -4.259514137374486E1  -1.033203442128057E2  -4.419103117870377E1  -9.857247332381934E1  -1.178172321445155   1.669236557270750E2  
 2.142857142857143E9    -1.154672866808851   1.289352720999175E2  -4.260743331809725E1  -1.185766906612940E2  -4.367253977498470E1  -1.122421038553748E2  -1.115763195847140   1.493468716454011E2  
 2.147869674185464E9    -1.129682640140748   1.134877505381554E2  -4.232928008875954E1  -1.286964140151793E2  -4.302821692066652E1  -1.207374335843105E2  -1.076981851826833   1.349451744901146E2  
 2.152882205513784E9    -1.171330885568137   9.917061978624096E1  -4.215283502805016E1  -1.411788188448356E2  -4.240303205874162E1  -1.303038514890743E2  -9.895314081353015E-1   1.211284480241995E2  
 2.157894736842105E9    -1.103485582810888   8.453795704256315E1  -4.197479971271370E1  -1.523807987117370E2  -4.142363850656785E1  -1.432579044719549E2  -1.019051848262581   1.014645424908334E2  
 2.162907268170426E9    -9.847252918448772E-1   6.500324027406349E1  -4.139406233517951E1  -1.585732617423974E2  -4.067530576017165E1  -1.532360261075832E2  -9.459021049861208E-1   8.586581791276203E1  
 2.167919799498747E9    -8.705439623149136E-1   4.755937429613466E1  -4.096862585503032E1  -1.687733217255570E2  -3.935779990315293E1  -1.647237203693518E2  -9.798714437006438E-1   6.974723353825338E1  
 2.172932330827067E9    -8.189130378078552E-1   2.933462091718373E1  -3.958981686506409E1   1.784215330995652E2  -3.846070387237385E1  -1.779797903327416E2  -9.175226501572293E-1   5.151663229659920E1  
 2.177944862155389E9    -8.376963183992480E-1   1.118135572443630E1  -3.826846420011585E1   1.683726540527158E2  -3.744942766090410E1   1.698522172688659E2  -7.607006229546263E-1   3.578054365061495E1  
 2.182957393483709E9    -8.327118110657810E-1  -6.621749406432341  -3.685162581058165E1   1.570439832831958E2  -3.631115158529146E1   1.555828480968738E2  -8.613374446923118E-1   1.841022557377022E1  
 2.187969924812030E9    -7.653462136470843E-1  -2.293673362618928E1  -3.539194979900332E1   1.423824151198567E2  -3.507241957188082E1   1.393087121534948E2  -9.314883207497927E-1  -5.294022577104925E-1  
 2.192982456140351E9    -1.072592984005454  -4.046181110386617E1  -3.395871424347223E1   1.258343286553451E2  -3.399531272149558E1   1.240608598498090E2  -9.779556364465182E-1  -1.599653830430908E1  
 2.197994987468672E9    -1.047241265481682  -5.724442253741140E1  -3.292717830046692E1   1.074516475550569E2  -3.308110628089300E1   1.056094108598266E2  -1.054998721114006  -3.368075602171489E1  
 2.203007518796992E9    -1.170390273440348  -7.322028260020072E1  -3.217778806999918E1   8.954017632444676E1  -3.260817563220968E1   8.944727703395508E1  -1.117633999027809  -4.750065390779936E1  
 2.208020050125313E9    -1.174178076055349  -8.782540505818736E1  -3.177137282172009E1   7.239194037912195E1  -3.225253513766528E1   7.276419906375436E1  -1.163691725875390  -6.474536052870845E1  
 2.213032581453634E9    -1.360929967661640  -1.048495591273217E2  -3.141451717599500E1   5.754203658074334E1  -3.183863014725611E1   6.057552348696539E1  -1.366674141675947  -8.007091029380314E1  
 2.218045112781955E9    -1.433511402641233  -1.205119397258201E2  -3.095528633876022E1   4.405981890694571E1  -3.132371338312558E1   4.624032710636634E1  -1.204985782007662  -9.704229445453650E1  
 2.223057644110276E9    -1.398831609705585  -1.374106858979927E2  -3.036765935910946E1   3.075539447248293E1  -3.061705311753685E1   3.463871093244894E1  -1.389188034447336  -1.128368917165000E2  
 2.228070175438597E9    -1.298930980758284  -1.522457836288970E2  -2.965099556017954E1   1.894774811622875E1  -2.973650126113035E1   2.196948764033274E1  -1.367104156961022  -1.306349795428890E2  
 2.233082706766917E9    -1.432399982372285  -1.696396426900897E2  -2.885559719818431E1   5.573404118010515  -2.863673205106763E1   1.061950048028908E1  -1.413892376022258  -1.462299690186665E2  
 2.238095238095238E9    -1.341314507122557   1.737268365584559E2  -2.781390727702729E1  -6.488451804559813  -2.747201927124268E1  -2.531161506864637  -1.370147882604413  -1.603250509917276E2  
 2.243107769423559E9    -1.490959478488212   1.572015803176599E2  -2.657979659926264E1  -1.915795155844553E1  -2.621217179285340E1  -1.636682433424661E1  -1.332192950035809  -1.798010868101864E2  
 2.248120300751880E9    -1.441612574110871   1.392120326297778E2  -2.513561848057966E1  -3.319002274194214E1  -2.488870505407423E1  -3.107078398786616E1  -1.516395088957309   1.630191024219224E2  
 2.253132832080200E9    -1.494696015852784   1.202263063701737E2  -2.350561059517276E1  -4.705758102051416E1  -2.343289482507954E1  -4.601780089019682E1  -1.458698278454807   1.454400512893950E2  
 2.258145363408522E9    -1.495525706841925   1.063821804596744E2  -2.184731286379145E1  -6.217311296790755E1  -2.191464846415524E1  -6.081075507073927E1  -1.606942013366127   1.288110720023820E2  
 2.263157894736842E9    -1.650054374573635   8.556792173256235E1  -2.018157641314719E1  -8.096905141529565E1  -2.035592940498700E1  -8.101994393841480E1  -1.598264626531704   1.093516240345590E2  
 2.268170426065163E9    -1.831903869299332   6.790092541675902E1  -1.884785367004335E1  -1.009402712979096E2  -1.891920969581765E1  -9.809371545915491E1  -1.713451155481821   9.284404544807958E1  
 2.273182957393484E9    -2.144313252345723   4.900742616130688E1  -1.781208580754229E1  -1.213625797872132E2  -1.767250627205135E1  -1.180237576988077E2  -1.971341141893814   7.500600962756808E1  
 2.278195488721805E9    -2.370548812773116   3.133331512845446E1  -1.691377285893956E1  -1.399761835872743E2  -1.657147550105970E1  -1.378982088993630E2  -2.088238893651217   5.783788559637151E1  
 2.283208020050125E9    -2.607984752485646   1.255475203381144E1  -1.596592750715294E1  -1.572627168082791E2  -1.554852081661790E1  -1.553982586474907E2  -2.356908659852227   4.024136995838356E1  
 2.288220551378446E9    -2.972711784271188  -9.144455769907790  -1.483259772682015E1  -1.746524032556579E2  -1.435738264011117E1  -1.738137938646215E2  -2.607476823363779   2.130703358845122E1  
 2.293233082706767E9    -3.685163947819651  -2.919496026557847E1  -1.340364991722754E1   1.679670574049772E2  -1.296676077308648E1   1.690829840044559E2  -2.987122320000306   3.546418499742981  
 2.298245614035088E9    -4.376482828594951  -4.875584731418600E1  -1.173053776052715E1   1.521202807985651E2  -1.145066124034672E1   1.496468731070243E2  -3.780648521740056  -1.357682031012241E1  
 2.303258145363409E9    -5.322483643744012  -7.199349782719422E1  -9.916663295510968   1.306338687070403E2  -9.874674049173860   1.282463712534053E2  -4.393998589734362  -3.146827156378855E1  
 2.308270676691730E9    -6.813266916937359  -9.323571706840424E1  -8.127251686701504   1.047890267648553E2  -8.382838736980300   1.032920230979770E2  -5.141542678915414  -5.166344578362747E1  
 2.313283208020050E9    -8.718215289852619  -1.140218893966276E2  -6.590574458536338   8.120310964990161E1  -7.107355252850339   8.135017890940671E1  -6.130376261313998  -6.867540660879355E1  
 2.318295739348371E9    -1.144981784718700E1  -1.332047958193512E2  -5.481995304563778   5.257810166752099E1  -5.989235741630972   5.557734293964551E1  -7.288628931307715  -8.511975352419763E1  
 2.323308270676692E9    -1.487708220432536E1  -1.440301632158057E2  -4.811763701832149   2.393889720430136E1  -5.041334528552117   2.880748931804562E1  -8.454007806582927  -1.021137472872071E2  
 2.328320802005013E9    -1.711034429385531E1  -1.346161249584602E2  -4.439659359162757  -2.354834541037312  -4.350686428189233   2.574187695480673  -9.982365932034615  -1.133219848197679E2  
 2.333333333333334E9    -1.575808532225252E1  -1.176434557889927E2  -4.189774658776287  -2.830775747681291E1  -3.969405597349031  -2.529359760348084E1  -1.076470653630010E1  -1.167298090899644E2  
 2.338345864661655E9    -1.249315561428828E1  -1.219457156920582E2  -3.958201035731315  -5.278662482783101E1  -3.733997375059676  -5.003244761168199E1  -9.867493972412417  -1.215079714181031E2  
 2.343358395989975E9    -9.948061083849160  -1.374426275422112E2  -3.805464054291510  -7.812490223879875E1  -3.643088790862676  -7.644729533090433E1  -8.734701034561597  -1.376637432172294E2  
 2.348370927318296E9    -8.527715395772445  -1.605234367013604E2  -3.843189061082574  -1.035819603108958E2  -3.626769772927547  -1.006858353100409E2  -7.242769508397998  -1.524625913882598E2  
 2.353383458646617E9    -7.743466309688405   1.763921653867076E2  -4.054304463184531  -1.259842091790189E2  -3.773525368848285  -1.238028095190654E2  -6.802595525385639  -1.729784730174405E2  
 2.358395989974937E9    -7.361395327526808   1.534249018550011E2  -4.386111554030875  -1.484826975906659E2  -4.110217396076322  -1.473210541718699E2  -6.654785842074068   1.609746212035753E2  
 2.363408521303258E9    -7.545011673960897   1.333908901166634E2  -4.594042688879958  -1.669614519249189E2  -4.381202073806117  -1.669821101492820E2  -6.756239509888746   1.393352739754546E2  
 2.368421052631579E9    -8.205735464961499   1.116320571968475E2  -4.541340418166531   1.732849171514326E2  -4.408864700966449   1.725694653236920E2  -7.432887803032117   1.151679994536724E2  
 2.373433583959900E9    -9.580938927083269   8.844129387499501E1  -4.201125817331462   1.543449076594251E2  -4.107899759563413   1.534824358105691E2  -9.070772657355953   9.341144388882501E1  
 2.378446115288220E9    -1.177264684862535E1   6.506269087348132E1  -3.663965337957125   1.323604939595774E2  -3.586183386438444   1.325411010813642E2  -1.186331819805721E1   7.535624510244765E1  
 2.383458646616541E9    -1.593994293239139E1   4.786416805923684E1  -3.158531505553823   1.104507172459783E2  -3.121326704256898   1.099579136171149E2  -1.597100679216282E1   7.327800076720767E1  
 2.388471177944862E9    -2.335038639092402E1   3.803717826355850E1  -2.854725693064732   8.736228346179949E1  -2.941400951783238   8.642335225866314E1  -1.788871532597195E1   8.980277711123226E1  
 2.393483709273183E9    -2.693786928324086E1   1.033856341582215E2  -2.776569130855801   6.294743738893688E1  -2.998817598189697   6.345297328839457E1  -1.504612505560952E1   9.305277458839414E1  
 2.398496240601504E9    -2.186958067639160E1   1.197505100421142E2  -2.813661744766783   3.954769230992429E1  -3.079977478575072   4.158588209276324E1  -1.326469146592383E1   7.648609715467713E1  
 2.403508771929825E9    -1.908600070721418E1   1.050344003616138E2  -2.807455308237428   1.800612653997399E1  -2.993556000539051   1.907636430935591E1  -1.338278025770399E1   5.437190634048529E1  
 2.408521303258145E9    -1.875835351452489E1   9.493017152233641E1  -2.754086277274538  -3.609672404719105  -2.748143212966534  -3.254561615185723  -1.448268920816242E1   3.068016423537771E1  
 2.413533834586466E9    -1.864611035774710E1   8.314933949173324E1  -2.700568711431433  -2.658195574781890E1  -2.554672376282786  -2.619458448977419E1  -1.745240048737684E1   3.877366276459587  
 2.418546365914787E9    -1.891789411674375E1   7.895741285838733E1  -2.717898420598762  -5.062393692158805E1  -2.523971714036885  -5.041732192855348E1  -2.284720754109288E1  -1.844585023756255E1  
 2.423558897243108E9    -1.736785114638945E1   7.664830847538801E1  -2.752248550870376  -7.369482500459482E1  -2.582352080453808  -7.541399592764725E1  -2.929685151955535E1  -2.789779741836308E1  
 2.428571428571428E9    -1.571028035768830E1   6.533506300011256E1  -2.754423109665615  -9.605340717121798E1  -2.706843846076319  -9.773443061247859E1  -3.167922645803255E1   2.438520220807718E1  
 2.433583959899750E9    -1.371323087558386E1   4.594522998258662E1  -2.702021374463548  -1.204554923996907E2  -2.819906594225467  -1.222664522697742E2  -3.157554732567861E1  -1.898383659128291E1  
 2.438596491228070E9    -1.216416342591174E1   2.842746183048517E1  -2.732807077331124  -1.466708961917160E2  -3.078670369815169  -1.478779517552826E2  -3.195858723000983E1  -1.021667143542184E2  
 2.443609022556391E9    -1.119597649738264E1   1.060788591235692E1  -2.888904849237389  -1.710036941375598E2  -3.525443734543088  -1.739627080574007E2  -2.343817802191568E1   1.643094314635032E2  
 2.448621553884712E9    -1.004684372014395E1  -1.006638802483982E1  -3.236427757087368   1.607270489255373E2  -4.095891179511248   1.614051555454438E2  -1.668360895372447E1   1.191866708473139E2  
 2.453634085213033E9    -9.122257835999006  -2.828849836629449E1  -3.842808828061224   1.333252415949161E2  -4.581178721421360   1.385302272163379E2  -1.199883454044265E1   7.845042917505522E1  
 2.458646616541353E9    -7.304102175709747  -4.364228611832122E1  -4.782457443074209   1.059879398638465E2  -5.110400486304570   1.138390664761838E2  -9.018488066228189   4.235236017404807E1  
 2.463659147869674E9    -5.929146239589845  -6.353908156902710E1  -6.162922615848937   7.881935047986261E1  -5.884953901580383   8.547674572528536E1  -7.179860289375628   4.672302908384348  
 2.468671679197995E9    -4.578331005801118  -8.204539555018239E1  -7.828982209293839   5.725459674226276E1  -7.226313542981140   6.091009338005415E1  -5.735187555211332  -2.421025746200242E1  
 2.473684210526316E9    -3.348832855014814  -1.062415843631308E2  -9.528752027399200   3.510141446457531E1  -9.000583658316188   3.597893141788487E1  -4.624537710562898  -5.625756329869231E1  
 2.478696741854637E9    -2.849452040830814  -1.267542252485850E2  -1.104026513702906E1   1.698624242200051E1  -1.069066515025369E1   1.521647154846631E1  -3.768220295446677  -8.262678877139811E1  
 2.483709273182958E9    -2.452529144691835  -1.450846071502162E2  -1.227297116760371E1   1.581624526404164  -1.216281413228838E1  -1.047338855382468  -3.210966360730758  -1.026987248043514E2  
 2.488721804511278E9    -2.093540048405072  -1.625887274733839E2  -1.319686431828010E1  -1.439653345238786E1  -1.331236156150749E1  -1.869152374171069E1  -2.606907300587249  -1.277053168727203E2  
 2.493734335839599E9    -2.046709487457724   1.788006078444722E2  -1.386614045037640E1  -3.140829410411316E1  -1.425194106234888E1  -3.502884509305803E1  -2.240234243853469  -1.466605871333211E2  
 2.498746867167920E9    -2.042602451647073   1.605025843400879E2  -1.438872879600489E1  -4.992610297003820E1  -1.511835124995681E1  -5.295807223707055E1  -2.075247399374701  -1.671461868606210E2  
 2.503759398496241E9    -1.955100986189955   1.440364520816835E2  -1.489600804736575E1  -6.910457977060322E1  -1.596177199711475E1  -7.274428566636631E1  -1.881528588148051   1.745159658114355E2  
 2.508771929824561E9    -1.871712971451625   1.273171688030176E2  -1.558745147929479E1  -9.014880628983354E1  -1.680655414377442E1  -9.028527303613574E1  -1.866975412538805   1.569353215747985E2  
 2.513784461152883E9    -1.773740149953752   1.094607697214729E2  -1.660054697680512E1  -1.115679970256233E2  -1.764737129026770E1  -1.079627090919661E2  -1.858560237204817   1.394327911466222E2  
 2.518796992481203E9    -1.753060264686969   9.227341955046963E1  -1.784073812306108E1  -1.323729770112683E2  -1.854012009879040E1  -1.257894886792399E2  -1.811862279649945   1.235444017697643E2  
 2.523809523809524E9    -1.606560690260849   7.547540642039579E1  -1.921969279596373E1  -1.507926654959360E2  -1.951841523206678E1  -1.440198696195616E2  -1.836834797685754   1.069747151055775E2  
 2.528822055137845E9    -1.587692877371915   5.864169907378864E1  -2.066053132485201E1  -1.677567419519621E2  -2.060462419535653E1  -1.621941650015125E2  -1.846250294026171   8.893284854190902E1  
 2.533834586466166E9    -1.544463721369083   4.161545663861695E1  -2.201972083000568E1   1.783361787159221E2  -2.182684874846347E1  -1.779518595497742E2  -1.845197553507714   7.420611245532150E1  
 2.538847117794486E9    -1.448396136996447   2.108923181465928E1  -2.327561421408928E1   1.626199715593494E2  -2.307068136376431E1   1.659723479804768E2  -1.796876703107460   5.568128703557719E1  
 2.543859649122807E9    -1.387927226651013   5.890473128215580  -2.438156616161333E1   1.490917320437175E2  -2.421767256352636E1   1.523835713523270E2  -1.790482054591831   3.750423742221361E1  
 2.548872180451128E9    -1.216791976999542  -1.421849421812046E1  -2.525840848496181E1   1.353200800501541E2  -2.515839074233442E1   1.362424247062716E2  -1.605419623743648   1.723342605652118E1  
 2.553884711779449E9    -1.398730368732484  -3.266367359299915E1  -2.593481209456520E1   1.213003089864660E2  -2.592462490656028E1   1.246924633556019E2  -1.515412165618570   4.254393583464627E-1  
 2.558897243107770E9    -1.486148127570923  -4.836133736295348E1  -2.648751497749478E1   1.095182578194686E2  -2.644856501809970E1   1.110365748835021E2  -1.383971872616615  -2.176403256925554E1  
 2.563909774436091E9    -1.309087898202232  -6.374812110007277E1  -2.684542610207176E1   9.622221050029103E1  -2.690401873218229E1   9.673933970794954E1  -1.358795283615518  -3.594234389626804E1  
 2.568922305764411E9    -1.551743496302289  -8.146716324100942E1  -2.711788271380890E1   8.091544219073070E1  -2.728947638865754E1   8.013065569851617E1  -1.297508806418940  -5.694605089949755E1  
 2.573934837092732E9    -1.525273358515319  -9.824621257812834E1  -2.743299152262807E1   6.574885651323201E1  -2.773821355153228E1   6.407989656180827E1  -1.303682955127621  -7.349760331066852E1  
 2.578947368421053E9    -1.548086342820606  -1.142157311538519E2  -2.784904209327569E1   4.796231243583831E1  -2.829845211169073E1   4.778877228448208E1  -1.300993994758078  -9.130878765028380E1  
 2.583959899749373E9    -1.647468245310378  -1.309133876979501E2  -2.840217569623323E1   3.071204759085188E1  -2.901298901602552E1   2.882872130750771E1  -1.244491373214804  -1.070313635920537E2  
 2.588972431077694E9    -1.542031190311211  -1.462864785215489E2  -2.909236661703656E1   1.299584251510202E1  -2.974335855254384E1   1.499036526631777E1  -1.411501001207320  -1.233422810793979E2  
 2.593984962406015E9    -1.467594645023102  -1.636029956357836E2  -2.994883499288175E1  -3.687933625778260  -3.057012625100457E1  -1.896125669365804  -1.536910973156930  -1.391517641037204E2  
 2.598997493734336E9    -1.427089217607294  -1.786495305350267E2  -3.081606074008667E1  -1.942152128136348E1  -3.148205961471948E1  -1.663988529450001E1  -1.514714025282018  -1.547940781041404E2  
 2.604010025062656E9    -1.281625690383993   1.647666532771707E2  -3.171547976536706E1  -3.528316822086246E1  -3.221884659734300E1  -3.063489868990875E1  -1.635508144516793  -1.688285347765742E2  
 2.609022556390978E9    -1.241742625172897   1.485770021647290E2  -3.257912872664577E1  -4.982719283659544E1  -3.295399628020206E1  -4.498453691027024E1  -1.643571281737990   1.751969769869108E2  
 2.614035087719298E9    -1.240641444946867   1.321042816065999E2  -3.336271684403472E1  -6.293305486529793E1  -3.368779863779862E1  -5.693635197013586E1  -1.687889817064881   1.605362260486139E2  
 2.619047619047619E9    -1.074210138997478   1.163929459731107E2  -3.401866856214001E1  -7.554637941895834E1  -3.433877703412200E1  -6.982447934148561E1  -1.526593142407281   1.446595774375783E2  
 2.624060150375940E9    -1.289734065002237   1.005489470243115E2  -3.469939458302413E1  -8.796980763874448E1  -3.484811095267441E1  -8.333147965462311E1  -1.492522122655084   1.298573443173934E2  
 2.629072681704261E9    -1.216157743426738   8.439620669312839E1  -3.518738605060712E1  -1.010641286399474E2  -3.525029186397416E1  -9.588310648975704E1  -1.493805480587752   1.141647102326449E2  
 2.634085213032581E9    -1.210135918720229   7.013952531143296E1  -3.547085969923072E1  -1.135143688707526E2  -3.546057097499043E1  -1.073335474390446E2  -1.248730197013739   9.804497551968682E1  
 2.639097744360902E9    -1.306253988414683   5.519247530138796E1  -3.569993269698013E1  -1.255707154540303E2  -3.559303209893182E1  -1.211045068903364E2  -1.236520032395247   7.860563228006754E1  
 2.644110275689223E9    -1.238430041444804   3.892491493832666E1  -3.593578662387617E1  -1.385239883659585E2  -3.559213897654699E1  -1.380411335017688E2  -1.358081492030372   6.197403028981272E1  
 2.649122807017544E9    -1.377925982219879   2.404950712807660E1  -3.598451267737693E1  -1.533955681988119E2  -3.582608877982147E1  -1.528519377296732E2  -1.135861022562178   4.571426098250167E1  
 2.654135338345865E9    -1.376125856539495   7.641463286766691  -3.598697755321412E1  -1.677044438347831E2  -3.594246273338218E1  -1.669401915659966E2  -1.275339416120690   3.064864053903693E1  
 2.659147869674186E9    -1.382072680859956  -8.136637635613322  -3.608345626488459E1   1.749882386182084E2  -3.634437648638295E1   1.755148484363455E2  -1.343154205913933   1.095205669443852E1  
 2.664160401002506E9    -1.427482929438169  -2.546647742472528E1  -3.635594212424736E1   1.581036796933261E2  -3.694409678986143E1   1.578357534492024E2  -1.220823132717997  -6.364750181213951  
 2.669172932330827E9    -1.411773726284700  -4.232641123633206E1  -3.664119311785202E1   1.423209269222479E2  -3.749671121635672E1   1.422214092151061E2  -1.325174764247542  -2.176373129179939E1  
 2.674185463659148E9    -1.443327744977470  -5.940169983901930E1  -3.718110863123359E1   1.250799321565398E2  -3.820937944037430E1   1.280488114732241E2  -1.418273861210533  -3.710482784190856E1  
 2.679197994987469E9    -1.479096982087438  -7.324075315752012E1  -3.775591276603816E1   1.111446363057561E2  -3.886550971542455E1   1.149441210023867E2  -1.533639328109970  -5.370782928487927E1  
 2.684210526315789E9    -1.398793088355020  -9.361997670102278E1  -3.838837833827989E1   9.479880893921504E1  -3.943973664853555E1   1.004397164151431E2  -1.604063318164102  -7.006554239169847E1  
 2.689223057644111E9    -1.246382615481511  -1.087479867781721E2  -3.906972688381350E1   8.085210817689597E1  -3.991490472487473E1   8.818733993553681E1  -1.514217615286304  -8.625356715556502E1  
 2.694235588972431E9    -1.402729140186867  -1.241195888078000E2  -3.966506819721426E1   6.740260640013413E1  -4.029154555268001E1   7.495850764439463E1  -1.565370401762529  -1.016587680307086E2  
 2.699248120300752E9    -1.463377336480873  -1.423462185150380E2  -4.021422497627253E1   5.401297845620198E1  -4.048165792758234E1   6.201748202404782E1  -1.463305253231083  -1.177302127435512E2  
 2.704260651629073E9    -1.380587169783053  -1.586256951754595E2  -4.064898292269284E1   3.787800833507174E1  -4.067856739479787E1   4.900119988861320E1  -1.305627946277566  -1.337381222212039E2  
 2.709273182957394E9    -1.326477960102545  -1.736898906491217E2  -4.126706441594303E1   2.603026142605800E1  -4.081837578416377E1   3.700974137883718E1  -1.406511788322554  -1.523590221923603E2  
 2.714285714285714E9    -1.480759381748128   1.714799237843685E2  -4.158902442470578E1   1.295948220230747E1  -4.087005425845035E1   2.224007448121834E1  -1.297749644661015  -1.651632510606028E2  
 2.719298245614035E9    -1.356477890306835   1.565982683237219E2  -4.182438937906650E1   1.051935793991443  -4.103404274083179E1   8.219725838058436  -1.235332869474895   1.775619650453882E2  
 2.724310776942356E9    -1.321744945352011   1.417913789152382E2  -4.187496538987674E1  -1.277929851599338E1  -4.140911949474381E1  -7.337674245218511  -1.238433558158911   1.624178818818781E2  
 2.729323308270677E9    -1.394255911345841   1.255772894199597E2  -4.215325177886291E1  -2.432569844935393E1  -4.170318318112326E1  -2.562801415285931E1  -1.203309880486963   1.456908571257327E2  
 2.734335839598998E9    -1.313965186982444   1.132419192876264E2  -4.247029485186818E1  -3.850484065120553E1  -4.182732902192054E1  -4.012741051836075E1  -1.223646889874703   1.296620994241038E2  
 2.739348370927319E9    -1.209853608943028   9.762738972001472E1  -4.232921851246778E1  -5.208731434602731E1  -4.231315050404841E1  -5.295591790298074E1  -1.226783489404119   1.150711406926969E2  
 2.744360902255639E9    -1.286555392583948   8.270725943397324E1  -4.265371174717319E1  -6.723217412290579E1  -4.271192954030668E1  -6.689452057071578E1  -1.162366812746446   1.005849874323941E2  
 2.749373433583960E9    -1.305736120697536   6.842243911279857E1  -4.255037151738191E1  -8.164582428352105E1  -4.301060019654818E1  -7.846284079980887E1  -1.308742773741001   8.348517973978343E1  
 2.754385964912281E9    -1.317163045923650   5.248912701751420E1  -4.282244747273884E1  -9.780937246723005E1  -4.354397591652345E1  -9.234853579720499E1  -1.407396546980011   7.026823121332662E1  
 2.759398496240602E9    -1.205296381246797   3.602924999477207E1  -4.314908657302107E1  -1.123761618033610E2  -4.393909612278932E1  -1.098634517619743E2  -1.350612966496117   5.341586830852137E1  
 2.764411027568922E9    -1.109463470824417   1.979446710742755E1  -4.325476819280083E1  -1.273540923328429E2  -4.419516606555080E1  -1.210145483118390E2  -1.287164109323134   3.897244504454022E1  
 2.769423558897244E9    -1.229466282317316   4.451776190166247  -4.407092062366347E1  -1.409748026981448E2  -4.450404912452115E1  -1.328916142076736E2  -1.280815450227063   2.327370175320645E1  
 2.774436090225564E9    -1.204277203770724  -1.270615132465924E1  -4.431919669436491E1  -1.545007569719545E2  -4.419960571671415E1  -1.444973899114728E2  -1.330849274193159   8.041654232556960  
 2.779448621553885E9    -9.885474851994071E-1  -3.044894038247960E1  -4.441304692810108E1  -1.699893106410994E2  -4.430955305276898E1  -1.591199666073657E2  -1.397389997032142  -1.174856962714472E1  
 2.784461152882206E9    -1.000853840242078  -4.954602861013382E1  -4.498242561263536E1   1.758307411744220E2  -4.435923860567819E1  -1.694100944533404E2  -1.410768056440456  -2.461877402105830E1  
 2.789473684210527E9    -1.098522255395053  -6.325369274447851E1  -4.482417068850231E1   1.630759720914711E2  -4.399896868087049E1   1.743064661986832E2  -1.406229333808589  -4.256062899381336E1  
 2.794486215538847E9    -1.132551347967856  -8.386466204552983E1  -4.514206893859146E1   1.484861862197869E2  -4.384769579983649E1   1.562100481963840E2  -1.417556074902587  -6.032986905373356E1  
 2.799498746867168E9    -1.169940345592250  -9.813248228459261E1  -4.511364190848690E1   1.373970685112139E2  -4.387882293735352E1   1.428483402079393E2  -1.417411710779978  -7.682818355088385E1  
 2.804511278195489E9    -1.256568563833196  -1.140853853310547E2  -4.585357079121982E1   1.228140259077591E2  -4.405383981530046E1   1.240661378285326E2  -1.404870405805428  -9.453365827498635E1  
 2.809523809523809E9    -1.338911947957052  -1.309785190040855E2  -4.593909151189823E1   1.076165209719424E2  -4.428852103739515E1   1.075852949565776E2  -1.451372327386447  -1.123220117487366E2  
 2.814536340852130E9    -1.317053479999531  -1.463007336835429E2  -4.578457002113294E1   9.084389686839249E1  -4.519995643872883E1   8.920722917066452E1  -1.478350117732281  -1.271722028261576E2  
 2.819548872180451E9    -1.275449357316719  -1.589934310125575E2  -4.628820913407418E1   7.805861362714984E1  -4.595422872424146E1   7.439101492216062E1  -1.401382864015219  -1.436894231067274E2  
 2.824561403508772E9    -1.309011036975945  -1.782434100536154E2  -4.649092898597805E1   6.241171025442470E1  -4.623901947547326E1   5.931797501747740E1  -1.442070913413409  -1.615485468087241E2  
 2.829573934837093E9    -1.347973740552392   1.699515416742364E2  -4.673585403254639E1   5.058547209349938E1  -4.657140491707511E1   4.922773382927069E1  -1.493996255245309  -1.758984634496974E2  
 2.834586466165414E9    -1.160401600508235   1.544378072039008E2  -4.689296750752838E1   3.663722786468824E1  -4.772137356468569E1   3.668071201088890E1  -1.439142201093748   1.686470445829710E2  
 2.839598997493734E9    -1.123184920077244   1.414452969885670E2  -4.735924122696824E1   2.134721857392561E1  -4.825777598750778E1   2.713107163868829E1  -1.491145739624310   1.539619751282378E2  
 2.844611528822055E9    -1.110211089644320   1.249942728179193E2  -4.788496681206768E1   1.062714457826237E1  -4.863783268776763E1   1.233408412718289E1  -1.321454962591210   1.384552737682979E2  
 2.849624060150376E9    -1.013372037346757   1.090817213356085E2  -4.805463088774140E1  -7.507316920161440  -4.832706814473411E1   8.750704205502842E-1  -1.441006974999710   1.257132670466804E2  
 2.854636591478697E9    -9.631658493985611E-1   9.284351972195678E1  -4.791347018824994E1  -1.687648369139562E1  -4.885106152732369E1  -1.061809239734689E1  -1.444452570236345   1.090270602748070E2  
 2.859649122807017E9    -1.006938499378523   7.874274421071486E1  -4.855719828127452E1  -2.864531351903640E1  -4.868007042604567E1  -1.957018992260853E1  -1.334759335098034   9.689238656682282E1  
 2.864661654135338E9    -9.297271923897269E-1   6.359010061849100E1  -4.869990144758533E1  -4.051611874485017E1  -4.797102333597344E1  -2.783806928030848E1  -1.484901822601741   7.984410667546942E1  
 2.869674185463659E9    -1.011196150563854   4.687327029934944E1  -4.845610596132172E1  -5.433124443314268E1  -4.841239458783645E1  -4.784012806973403E1  -1.356138673261719   6.418392480896804E1  
 2.874686716791980E9    -1.053055801474476   3.067701934476961E1  -4.880852223650869E1  -6.519441821756438E1  -4.780893049936955E1  -5.751028227387175E1  -1.342638549380679   4.921619541793979E1  
 2.879699248120301E9    -1.008219787877178   1.488289234533303E1  -4.854209621181734E1  -8.069448604914629E1  -4.708186631889996E1  -7.586549574331603E1  -1.263078501454213   3.389089571419711E1  
 2.884711779448622E9    -1.163696921799712  -1.424061663405076  -4.899571883776059E1  -9.124224369926435E1  -4.717728302981860E1  -9.164034279441823E1  -1.323253976839159   1.711776754095016E1  
 2.889724310776942E9    -1.215738469767816  -1.930688119481228E1  -4.878753305352660E1  -1.117732046125291E2  -4.699296079412983E1  -1.090990860969985E2  -1.242338245966817   5.263583078874502E-1  
 2.894736842105263E9    -1.316138198197044  -3.307506139526908E1  -4.861045383690195E1  -1.236612766957661E2  -4.770921960512430E1  -1.259688988737210E2  -1.229831781444124  -1.643219173668051E1  
 2.899749373433584E9    -1.330777932449000  -4.730265432972987E1  -4.898992576165211E1  -1.412043888068420E2  -4.818177644591874E1  -1.448897727799940E2  -1.298751815696771  -3.572182954347655E1  
 2.904761904761905E9    -1.347545532609662  -6.494330559107964E1  -4.899711143459850E1  -1.515262799391998E2  -4.852730486265330E1  -1.571910557254660E2  -1.291821230802688  -5.094116842833024E1  
 2.909774436090226E9    -1.211230308506434  -8.064773353146580E1  -4.880371168620600E1  -1.668524072522409E2  -4.949748559239934E1  -1.731880992270088E2  -1.321064539186691  -6.901589624574908E1  
 2.914786967418547E9    -1.245991804287144  -9.824509906668530E1  -4.922488362230946E1   1.764362362229900E2  -4.976437383226438E1   1.772658903876081E2  -1.317444421207671  -8.641605864463259E1  
 2.919799498746867E9    -1.220743002187958  -1.149755262898541E2  -4.995966416802238E1   1.651149801587422E2  -5.072424161000697E1   1.610400398833564E2  -1.336950391117475  -1.030277627482194E2  
 2.924812030075188E9    -1.114815254170273  -1.313520308910929E2  -4.995323242601214E1   1.459101271486717E2  -5.093130789512805E1   1.539423421829342E2  -1.324806907660404  -1.200171343297257E2  
 2.929824561403509E9    -1.126199002070021  -1.465652506352197E2  -5.117130704925378E1   1.339394785036286E2  -5.195917007411081E1   1.371054051839320E2  -1.414881297729447  -1.378674791288258E2  
 2.934837092731830E9    -1.116350278975145  -1.621806142210864E2  -5.110223781064559E1   1.203068769021768E2  -5.060995921778891E1   1.267937009052367E2  -1.491181453683743  -1.521856734476608E2  
 2.939849624060150E9    -1.041601372644408  -1.795684010743152E2  -5.161445779664949E1   1.135885348843033E2  -5.115897665299835E1   1.163439267262578E2  -1.580951387855842  -1.692553030099598E2  
 2.944862155388472E9    -1.150147403953896   1.670812767479627E2  -5.145090705286093E1   9.652644022464580E1  -5.136614978648144E1   1.060460165639132E2  -1.488086796434359   1.779942535891587E2  
 2.949874686716792E9    -1.155700607434252   1.497575526273266E2  -5.164107821994169E1   8.315519640939903E1  -5.109212838470032E1   9.606749807137645E1  -1.421417336317569   1.635332155284608E2  
 2.954887218045113E9    -1.260523494012402   1.338946353042502E2  -5.195240304271108E1   7.715751924751349E1  -5.067176246516438E1   8.050300122990319E1  -1.378561626893186   1.507171722449043E2  
 2.959899749373434E9    -1.278539404462851   1.201897734378527E2  -5.223121638104774E1   6.043057164939999E1  -5.031659133993389E1   7.371623104845936E1  -1.367911325476815   1.344056638959547E2  
 2.964912280701755E9    -1.205297818304223   1.033663658225957E2  -5.191839814434845E1   5.151273064124698E1  -5.055422220575070E1   5.611397105458939E1  -1.464853220254829   1.201536950531882E2  
 2.969924812030075E9    -1.292721324667122   8.955989300068355E1  -5.154768332980413E1   4.022501748629440E1  -5.021907432177390E1   4.212340821626003E1  -1.326770337620485   1.058980139846715E2  
 2.974937343358396E9    -1.299399407775680   7.523222858274127E1  -5.180476491289750E1   2.999273207055498E1  -5.019701475615602E1   2.968049375917225E1  -1.232374288340278   9.076899027300937E1  
 2.979949874686717E9    -1.245625832134494   6.073777505941393E1  -5.105641344536024E1   1.571391156069365E1  -5.019114158135673E1   8.993441044497342  -1.335617986158582   7.512087595768372E1  
 2.984962406015038E9    -1.074746202608184   4.713663820149676E1  -5.167873532645280E1   6.067770088735881  -5.028562754171487E1  -3.512947625161776  -1.245911371373273   5.879381614585899E1  
 2.989974937343359E9    -1.039594596963110   3.151647929590211E1  -5.092779346438276E1  -1.234195064300699E1  -5.087375813482082E1  -1.745436016297791E1  -1.263718643555924   4.324948558113101E1  
 2.994987468671680E9    -9.891921181345088E-1   1.552007087745860E1  -5.065179937970424E1  -2.294826940869577E1  -5.135813357487053E1  -3.429713945692910E1  -1.377018062336286   2.469361899295167E1  
 3.000000000000000E9    -8.905667988746550E-1  -9.501120775651766E-1  -5.061155924759648E1  -3.974320098869123E1  -5.063960786568664E1  -4.452296246884814E1  -1.240207218919781   1.038825336927146E1  