#  HZ   S   DB   R     50.0000 
! Rohde & Schwarz ZVA/B 
! 
! 
! 

 1.000000000000000E9    -2.047184259202787E1   1.359262444538333E1  -5.823656393305513E-1   1.732905479063185E2  -5.338061185883063E-1   1.750057261564058E2  -3.422597901887914E1   3.524329823472440E1  
 1.005012531328321E9    -1.915739502734876E1  -6.062318907733832  -6.383335086549826E-1   1.634908096998563E2  -5.595121642239556E-1   1.647329004432559E2  -3.791293738150763E1   2.604388438811441E1  
 1.010025062656642E9    -1.854311576572177E1  -4.038189907199457E1  -5.383178167074283E-1   1.467283504556978E2  -5.623262890493771E-1   1.482195559856437E2  -3.456364236431447E1   7.387072389359075E1  
 1.015037593984963E9    -1.990819272038356E1  -7.949536840211123E1  -4.831864854477747E-1   1.341748472190771E2  -5.464538647323847E-1   1.353895608139786E2  -3.630009367663869E1  -1.600323828848078E1  
 1.020050125313283E9    -1.814678251301906E1  -1.111737471675867E2  -4.789221789348074E-1   1.193935187170052E2  -5.245931101896263E-1   1.214547736912815E2  -3.184499296176372E1  -1.019243989844872E2  
 1.025062656641604E9    -1.879063347840123E1  -1.383057201796759E2  -5.493403586142537E-1   1.057536586299028E2  -5.496893304982671E-1   1.076740436334379E2  -3.255529147835802E1  -1.433594730721961E2  
 1.030075187969925E9    -1.758483647876987E1  -1.726703744639438E2  -6.491822547975941E-1   9.071330648687426E1  -5.913289034897962E-1   9.530043236868630E1  -2.911195871936990E1  -1.597021554121910E2  
 1.035087719298246E9    -1.698069078657093E1   1.616555380527414E2  -7.334688893631176E-1   7.911600377870043E1  -6.089545755374125E-1   8.159011479425037E1  -2.659385657306984E1   1.792938626153123E2  
 1.040100250626566E9    -1.874707577763942E1   1.209097909567297E2  -7.378564649270494E-1   6.559248153380440E1  -6.250151099693572E-1   6.716783595377699E1  -2.353313118741791E1   1.254858287144798E2  
 1.045112781954887E9    -1.859917163193754E1   9.536672031533182E1  -6.946198920822185E-1   5.281332954670405E1  -6.069038976052525E-1   5.449489688509741E1  -2.664307701700681E1   1.247462838242072E2  
 1.050125313283208E9    -1.937691190796652E1   5.914574305181193E1  -5.920204162708448E-1   4.031150925957008E1  -5.529490221546733E-1   4.135354139709079E1  -2.343352833091454E1   1.055490945223523E2  
 1.055137844611529E9    -1.833607012131878E1   2.553681970371458E1  -4.946128476560500E-1   2.594165958600760E1  -5.120464247809207E-1   2.566168720972048E1  -2.653364990837456E1   7.786707518014327E1  
 1.060150375939850E9    -2.260452236489416E1  -2.529251303368270E1  -4.237573064545206E-1   1.246205238225111E1  -4.790526271256798E-1   1.251723807855989E1  -2.565109944167751E1   3.587590180821987E1  
 1.065162907268171E9    -2.064974225647778E1  -5.900687820657252E1  -4.280239347036181E-1  -1.725278673052977  -4.905757572682957E-1  -2.047042091827839  -2.921960439783670E1   1.751469192113340E1  
 1.070175438596491E9    -2.073594990769006E1  -9.099356038749428E1  -5.262843065879742E-1  -1.610802557229210E1  -5.061342728377050E-1  -1.554622217070236E1  -2.738012352576328E1  -4.138558122633457E1  
 1.075187969924812E9    -1.896927841887547E1  -1.438182880787622E2  -6.714284810503398E-1  -3.124257940968796E1  -5.318249554115749E-1  -3.079090051127304E1  -2.313296881680230E1  -9.076263008228385E1  
 1.080200501253133E9    -1.789583649410429E1  -1.700775598630709E2  -7.198057371546115E-1  -4.369535790153486E1  -5.966270860577315E-1  -4.204559784514287E1  -2.379688073869779E1  -1.213227869201935E2  
 1.085213032581454E9    -1.918475481868684E1   1.598364713809952E2  -6.870379039981296E-1  -5.568506316028747E1  -6.201222423794509E-1  -5.503273656733421E1  -2.371680677962359E1  -1.590562004221181E2  
 1.090225563909775E9    -1.768249829357677E1   1.298337925380061E2  -6.068075604646726E-1  -6.896398698315461E1  -6.061795911721049E-1  -6.841815315121716E1  -2.090053459666177E1  -1.779257659103960E2  
 1.095238095238095E9    -1.728334435125321E1   8.582703495290521E1  -4.902144470137679E-1  -8.206056938595243E1  -5.231470309609611E-1  -8.187125900311216E1  -2.249718528876392E1   1.549064902734392E2  
 1.100250626566416E9    -1.756896527918252E1   6.165433390368089E1  -3.922022676450772E-1  -9.554487685930633E1  -4.938847418311779E-1  -9.638646603885471E1  -2.697557676885062E1   1.285081831373948E2  
 1.105263157894737E9    -1.893557518770857E1   2.259082687934030E1  -3.667735919239601E-1  -1.109430801680193E2  -4.515730526649892E-1  -1.094897431968820E2  -2.487309262796872E1   8.427292457479850E1  
 1.110275689223058E9    -1.825458126293788E1  -1.933758126661120E1  -4.523690816204848E-1  -1.253019137744794E2  -4.386420293536216E-1  -1.230793524436297E2  -2.905385621960281E1   4.583867083071927E1  
 1.115288220551379E9    -1.763036898387557E1  -5.629839248792972E1  -6.005854832603973E-1  -1.389029620386713E2  -5.146863143183600E-1  -1.377119924711631E2  -2.820421416120718E1  -2.690314458431967E1  
 1.120300751879699E9    -1.732894344664803E1  -8.033156180532194E1  -7.409994985775918E-1  -1.511165944764371E2  -5.552283175192917E-1  -1.517441720103526E2  -2.562116931958874E1  -8.640649057289851E1  
 1.125313283208020E9    -1.762264893005361E1  -1.102266500635699E2  -7.939351559076865E-1  -1.637925500436065E2  -6.129419045127418E-1  -1.631686612519693E2  -2.100200998667666E1  -1.096478495707755E2  
 1.130325814536341E9    -1.689356383354828E1  -1.426106691136097E2  -7.303196006416856E-1  -1.772383133825571E2  -6.242580050571699E-1  -1.769118407775041E2  -2.180888767958012E1  -1.399253468317667E2  
 1.135338345864662E9    -1.738269141878579E1  -1.794310235140774E2  -6.065222662297128E-1   1.695046986154385E2  -6.025524077179215E-1   1.700444428405534E2  -1.986672077603550E1  -1.626842991040941E2  
 1.140350877192982E9    -1.780344483676004E1   1.553050213064996E2  -4.891924174256853E-1   1.553252574315394E2  -5.257030129934773E-1   1.547007636424202E2  -1.997140255564598E1   1.719012163277130E2  
 1.145363408521303E9    -2.098193596434843E1   1.172455794332200E2  -4.177481643652939E-1   1.412721140360262E2  -4.600607581139788E-1   1.417452171827725E2  -2.000292481123517E1   1.519088295466620E2  
 1.150375939849624E9    -2.125241094651558E1   7.040626673647121E1  -4.354138171691616E-1   1.264097537772582E2  -4.384914206294284E-1   1.279442661825678E2  -1.990234248654330E1   1.161370391200439E2  
 1.155388471177945E9    -2.120539061122172E1   1.987969498313695E1  -5.272281455555168E-1   1.122625029931760E2  -4.660652319989742E-1   1.137243721558879E2  -2.208360161974032E1   6.520465661246426E1  
 1.160401002506266E9    -1.985130181498881E1  -2.702201792644635E1  -6.377289313900715E-1   1.002256421909409E2  -5.552962201782510E-1   9.975665274333592E1  -2.094266031798335E1   2.814851853242265E1  
 1.165413533834586E9    -1.860606802239213E1  -6.263186002945134E1  -6.664084402871356E-1   8.789698708178263E1  -6.671349613594882E-1   8.750892896233809E1  -2.140944993533848E1  -8.183556628286167  
 1.170426065162907E9    -1.781698399709295E1  -9.648103693271915E1  -6.464056490533364E-1   7.444431810157228E1  -7.079412934135663E-1   7.427119376862035E1  -1.950118703868281E1  -5.598825665508838E1  
 1.175438596491228E9    -1.731803163994775E1  -1.273453868464524E2  -5.614968860655454E-1   6.085745992279284E1  -7.115963081480938E-1   6.221004868313464E1  -1.893333884713419E1  -7.836612089817933E1  
 1.180451127819549E9    -1.603700374381107E1  -1.543718626613305E2  -4.523392081774858E-1   4.798933597995499E1  -6.197546601331958E-1   4.750463409342435E1  -1.955467562039230E1  -1.157342314186236E2  
 1.185463659147870E9    -1.727103307271169E1   1.770781943409676E2  -3.950317270064815E-1   3.183048839476014E1  -4.944549289162287E-1   3.316740772477645E1  -1.744451562212573E1  -1.451298570417599E2  
 1.190476190476191E9    -1.739683155533703E1   1.531728680654945E2  -4.042801132693795E-1   1.856138919168510E1  -4.602686535764092E-1   2.017006465840980E1  -1.835349218139599E1   1.769753287767045E2  
 1.195488721804511E9    -1.819174453805614E1   1.158971404270781E2  -4.821741259807694E-1   5.673907918334811  -4.509530678468819E-1   7.009066448260001  -2.145615526788579E1   1.600314179152763E2  
 1.200501253132832E9    -1.943930937761131E1   8.434860080828891E1  -5.746551693105356E-1  -8.413542817774236  -5.136794881767880E-1  -8.404866707529530  -2.483406815073954E1   1.058347053605882E2  
 1.205513784461153E9    -2.126914790227459E1   2.300559678103481E1  -6.040096037681595E-1  -2.273802892402791E1  -5.781421406138700E-1  -2.176296591475188E1  -2.354545051537746E1   5.875565415761553E1  
 1.210526315789474E9    -1.824718263461943E1  -8.425000281419019  -6.186721438109133E-1  -3.453077058726126E1  -6.390663828667602E-1  -3.530132306706859E1  -2.147641440710570E1   1.010923988236574E1  
 1.215538847117795E9    -1.783465264656489E1  -5.025144905773932E1  -5.825070631161311E-1  -4.814424924546988E1  -6.403405125098922E-1  -4.800563434621872E1  -2.228210937991173E1  -3.959725842351803E1  
 1.220551378446115E9    -1.720989958190226E1  -7.315045494202745E1  -4.802560890920459E-1  -6.158076250025770E1  -6.226598686664012E-1  -6.226908798975975E1  -1.882703469046324E1  -6.374654789062556E1  
 1.225563909774436E9    -1.801385057670811E1  -1.033633032671062E2  -4.214068347520332E-1  -7.656739914054994E1  -5.330930732296288E-1  -7.517104131262342E1  -1.746100423171416E1  -9.790873726802815E1  
 1.230576441102757E9    -1.886841359186216E1  -1.377723057653193E2  -4.142661410085714E-1  -8.947591769613186E1  -4.699255224565345E-1  -8.958772466783226E1  -1.819748299531321E1  -1.271326041566236E2  
 1.235588972431078E9    -1.918795279878367E1  -1.593668893710371E2  -4.515674981116108E-1  -1.014220179028055E2  -4.964472953435729E-1  -1.036149498986897E2  -1.868195074212551E1  -1.628625621821595E2  
 1.240601503759399E9    -1.988146558051835E1   1.528370742196871E2  -5.291573807750368E-1  -1.178501803564062E2  -5.377112871359762E-1  -1.185480755539258E2  -1.885619433630657E1   1.622825418414607E2  
 1.245614035087719E9    -2.197678338260239E1   1.265197172530322E2  -5.429476520479248E-1  -1.311170041957669E2  -6.249879440931445E-1  -1.324261723190124E2  -2.100219652266947E1   1.276331283258143E2  
 1.250626566416040E9    -2.296497801637664E1   7.053406518577526E1  -5.898091347068010E-1  -1.439907694041856E2  -6.493704186854108E-1  -1.435685076169520E2  -2.171310896760767E1   8.101059837337793E1  
 1.255639097744361E9    -1.915389064179879E1   2.974626727811109E1  -5.640840689004290E-1  -1.576481310131968E2  -6.779737584696980E-1  -1.562474329455883E2  -2.045140760040479E1   4.312205794297621E1  
 1.260651629072682E9    -1.867704901578023E1  -1.301566576079383E1  -4.973681252053205E-1  -1.697356056266797E2  -6.203411022364617E-1  -1.699123475995886E2  -1.953430740884741E1  -1.379483846917163  
 1.265664160401002E9    -1.676931060724729E1  -4.901722938485433E1  -4.562834994099414E-1   1.752783502852848E2  -5.755073415626846E-1   1.759799610554704E2  -1.914336973191515E1  -3.826085812308590E1  
 1.270676691729323E9    -1.766951876528939E1  -7.554608126728263E1  -4.448679185672846E-1   1.606659681850517E2  -5.390456826328279E-1   1.612746157763569E2  -1.793679728606909E1  -7.417745438369630E1  
 1.275689223057644E9    -1.814817971321608E1  -1.043803127345535E2  -4.754085136917984E-1   1.477112537489048E2  -4.886661706820363E-1   1.483077521959534E2  -1.781990431319649E1  -1.099305639435928E2  
 1.280701754385965E9    -1.752943524283187E1  -1.402491824958357E2  -5.530430809198740E-1   1.338427551814544E2  -5.248403428007311E-1   1.336171774897187E2  -1.869941662308759E1  -1.451333921903662E2  
 1.285714285714286E9    -1.817546048809733E1  -1.679108127403188E2  -5.849747134777609E-1   1.208383226199710E2  -6.223157715887809E-1   1.203019811095762E2  -1.872337365278276E1   1.796240071954177E2  
 1.290726817042607E9    -1.717845739256253E1   1.528210654181325E2  -5.978972700956311E-1   1.068784681221870E2  -6.666581448518466E-1   1.067334001651494E2  -1.989041036923995E1   1.373513732710277E2  
 1.295739348370927E9    -1.761819395575030E1   1.248473360559560E2  -5.987063129908929E-1   9.476993886467172E1  -6.674613227397596E-1   9.346853432374498E1  -1.985113052602168E1   9.421183180628924E1  
 1.300751879699248E9    -1.854925057940950E1   8.314181115619981E1  -5.837381461918377E-1   7.968510947875285E1  -6.748297770191721E-1   7.927000385665377E1  -1.881724059030404E1   5.207400459299817E1  
 1.305764411027569E9    -1.854736469547201E1   4.062665727805706E1  -5.579355463202138E-1   6.497308902224579E1  -6.497520482479858E-1   6.800467919541288E1  -1.735732636167093E1   8.571364254318292  
 1.310776942355890E9    -1.842627066128110E1   1.229134742607524E1  -5.448539986222097E-1   5.367491624344605E1  -6.669282472029763E-1   5.352147120763433E1  -1.658545606539499E1  -2.076220653965390E1  
 1.315789473684211E9    -1.821490703691374E1  -9.188368893614523  -5.316321104241207E-1   4.054712490841707E1  -6.618284040057990E-1   3.947904866131965E1  -1.637037504443810E1  -4.818010261277807E1  
 1.320802005012531E9    -1.936005178252196E1  -4.788770056593901E1  -5.277832880812106E-1   2.508364777425820E1  -6.641863373024486E-1   2.614352864442958E1  -1.522708743203452E1  -8.826757203510390E1  
 1.325814536340852E9    -1.900673416035683E1  -1.027015018404845E2  -5.389495325215015E-1   1.274934576181054E1  -7.016754574313110E-1   1.254875856832092E1  -1.642170566488111E1  -1.242004942187671E2  
 1.330827067669173E9    -1.921251707753655E1  -1.381227746972641E2  -5.685575242070842E-1  -2.264408982228553  -7.189337733302004E-1  -9.849576964572111E-1  -1.736813590075827E1  -1.555861036912666E2  
 1.335839598997494E9    -2.005629781125887E1  -1.756086986531527E2  -5.793152831663289E-1  -1.609523699655851E1  -7.252443658229090E-1  -1.333039752942345E1  -1.785066087373393E1   1.649498991999881E2  
 1.340852130325815E9    -1.901933864974026E1   1.503887793111025E2  -5.929621424703654E-1  -2.849626567611003E1  -7.388362701143293E-1  -2.770488965026885E1  -1.740836624028655E1   1.226632355769359E2  
 1.345864661654135E9    -1.797215005836337E1   1.202360970737814E2  -6.243927459846456E-1  -4.303205283992224E1  -7.138825711135782E-1  -4.207409477752191E1  -1.880657085366766E1   8.586412984295765E1  
 1.350877192982456E9    -1.865428687742744E1   8.102898035932080E1  -6.215067521636766E-1  -5.693609924775843E1  -7.329775032171666E-1  -5.417789184111275E1  -1.621685321137102E1   4.303950404593028E1  
 1.355889724310777E9    -1.841030800420575E1   4.804521371776374E1  -6.381934325407751E-1  -6.971051530533553E1  -7.324599683041833E-1  -6.824782364373102E1  -1.644993221354440E1   1.128986963567127E1  
 1.360902255639098E9    -1.821782603122314E1   1.818824147170945E1  -6.084908002032312E-1  -8.395863744242715E1  -7.733608940910459E-1  -8.346702628430543E1  -1.595389136188371E1  -2.800735958387902E1  
 1.365914786967419E9    -1.836513702404569E1  -2.631791763705450E1  -5.877315543488403E-1  -9.773153230466701E1  -7.915176322806813E-1  -9.666295510121293E1  -1.589530568740272E1  -6.565152554506076E1  
 1.370927318295739E9    -1.952991989607808E1  -6.509388179350086E1  -5.972309316576636E-1  -1.099786106293201E2  -7.786485322897774E-1  -1.095741289957671E2  -1.660177001409554E1  -9.932625828769598E1  
 1.375939849624060E9    -1.900222915906772E1  -1.006028748047840E2  -5.947573016362179E-1  -1.244350075146336E2  -7.946291045764522E-1  -1.235103760182872E2  -1.594750743694146E1  -1.389850328925152E2  
 1.380952380952381E9    -1.872705617495699E1  -1.374564646478018E2  -6.551363701482789E-1  -1.381550166617246E2  -7.947430305215790E-1  -1.373456223550440E2  -1.606258185406131E1   1.784541942189864E2  
 1.385964912280702E9    -1.709261126791613E1  -1.634213291578508E2  -7.247230028844152E-1  -1.514839208559295E2  -8.416248088489353E-1  -1.522993253411888E2  -1.529923602777101E1   1.437933534300533E2  
 1.390977443609023E9    -1.667910126088559E1   1.605019668174139E2  -7.601479268858554E-1  -1.658318603931812E2  -9.208841263868429E-1  -1.638778321459372E2  -1.567846722912892E1   1.093947154715034E2  
 1.395989974937343E9    -1.694706786040879E1   1.321611572565601E2  -7.931552830630938E-1  -1.785515123505108E2  -9.159946037562365E-1  -1.773937728876582E2  -1.443799943449890E1   7.729313273023305E1  
 1.401002506265664E9    -1.813403382102739E1   1.085245714763007E2  -7.697583718003938E-1   1.684394833987008E2  -9.309467347525813E-1   1.696473546613470E2  -1.466991633837579E1   4.464843303250979E1  
 1.406015037593985E9    -1.805872334328210E1   7.613430628686749E1  -7.219218969233889E-1   1.550065407835252E2  -9.193142754591227E-1   1.563401458928444E2  -1.501642631965048E1   4.380222152243070  
 1.411027568922306E9    -2.127704517495873E1   3.332854526055876E1  -6.847408130661010E-1   1.411461040708085E2  -8.805094160648992E-1   1.436735949228342E2  -1.527383009201163E1  -2.930284110994180E1  
 1.416040100250627E9    -2.265170690654994E1  -3.489376226877656  -6.667972612688634E-1   1.265801211350838E2  -8.713391130502983E-1   1.302773671563852E2  -1.562186130368179E1  -6.280793517811755E1  
 1.421052631578947E9    -2.235292834857737E1  -4.377737559835125E1  -7.077720965220371E-1   1.143628592840899E2  -8.549502633617827E-1   1.163804310456511E2  -1.522724371340110E1  -1.017459416299145E2  
 1.426065162907268E9    -2.089809807074436E1  -9.968114067754311E1  -7.536155888799290E-1   9.871076758809777E1  -8.853246461333488E-1   1.009471531967074E2  -1.576716634145293E1  -1.460886352180219E2  
 1.431077694235589E9    -1.961951327679440E1  -1.373809835629342E2  -8.044558083919737E-1   8.642738477775878E1  -9.320220398212845E-1   8.739990301452787E1  -1.529016482794064E1  -1.793544634610554E2  
 1.436090225563910E9    -1.777239969098116E1  -1.660833177255658E2  -8.474569336963104E-1   7.235630952132931E1  -9.956535619724347E-1   7.465369834900869E1  -1.499845916510997E1   1.429281201026275E2  
 1.441102756892231E9    -1.722989091149194E1   1.694813939443902E2  -8.665607487072436E-1   5.932328320997045E1  -1.018660479879495   6.094194818973655E1  -1.493184755528774E1   1.062307313088252E2  
 1.446115288220552E9    -1.623141504048742E1   1.481893646908787E2  -8.530156452381837E-1   4.798616435570204E1  -1.014494777518504   4.773148699722898E1  -1.556529311880678E1   7.320927486354493E1  
 1.451127819548872E9    -1.782951879622310E1   1.112229437028486E2  -8.069202392740477E-1   3.410510636164617E1  -9.569233188269460E-1   3.540871433679348E1  -1.534076807381862E1   4.238310862942390E1  
 1.456140350877193E9    -1.779346840626094E1   8.299503289059061E1  -7.579552577494951E-1   1.818207099337050E1  -9.124942783191127E-1   2.089073104117039E1  -1.598856732653984E1   1.406101068354071  
 1.461152882205514E9    -2.067693752484071E1   4.018734487574381E1  -7.641517537601515E-1   6.808354853977797  -8.643087227576390E-1   8.090418872527000  -1.650640928346683E1  -3.672093483008718E1  
 1.466165413533835E9    -2.111972220095762E1  -1.088160198433583E1  -7.676978389672188E-1  -7.869330749265466  -9.201268572217045E-1  -6.479330227069510  -1.685626088721006E1  -7.972745530343099E1  
 1.471177944862155E9    -2.165203673979958E1  -5.571110237359368E1  -8.335052881912808E-1  -2.316413454385942E1  -9.540242309085926E-1  -2.112405770717169E1  -1.698760224705528E1  -1.219863636143844E2  
 1.476190476190476E9    -1.911474474366976E1  -8.724482899356788E1  -9.038188466701742E-1  -3.541809211532108E1  -1.029310773283885  -3.421557738757144E1  -1.489588065162830E1  -1.586368933448529E2  
 1.481203007518797E9    -1.807168077580149E1  -1.175028564603728E2  -9.487804758750550E-1  -4.931287192260581E1  -1.060498776777445  -4.767858638287119E1  -1.546429654750548E1   1.686233975166253E2  
 1.486215538847118E9    -1.702366834865423E1  -1.463649577251334E2  -1.009141825790946  -6.195656696620993E1  -1.115589348858363  -5.912268054425294E1  -1.484974819753510E1   1.349740998643417E2  
 1.491228070175439E9    -1.571498892995686E1  -1.709619435312989E2  -9.863682054820694E-1  -7.411785508182756E1  -1.136695968220275  -7.298269750184697E1  -1.544291913785345E1   1.044390222837501E2  
 1.496240601503759E9    -1.669391701867846E1   1.585381622525354E2  -9.534422068170746E-1  -9.007851068732346E1  -1.073478782167182  -8.621657003523200E1  -1.621677974148366E1   6.949829102727220E1  
 1.501253132832080E9    -1.887358599687537E1   1.334677575296248E2  -9.101645935346183E-1  -1.024264574210344E2  -1.050055506857099  -1.000323459331757E2  -1.784481158718576E1   3.123048603012946E1  
 1.506265664160401E9    -2.067740902745166E1   1.067510285507221E2  -8.780671326260079E-1  -1.162322342133030E2  -9.959138605740970E-1  -1.142893159087835E2  -1.853598626126075E1  -1.378693738519169E1  
 1.511278195488722E9    -2.248467075378870E1   6.130700873060147E1  -9.016221570282036E-1  -1.295108104050424E2  -9.861748636338223E-1  -1.274963265606749E2  -1.784798577558664E1  -4.607236995505343E1  
 1.516290726817043E9    -2.282520183762965E1   4.124092780382007E-1  -9.439807071324747E-1  -1.437386488726020E2  -1.009659270753466  -1.414995430812113E2  -1.748677720252937E1  -9.633026194104929E1  
 1.521303258145363E9    -2.140353531549612E1  -4.472970572466198E1  -1.011242015654825  -1.576299116336388E2  -1.055043161080745  -1.559654927566156E2  -1.638239647437647E1  -1.414650566071023E2  
 1.526315789473684E9    -1.906735248422206E1  -7.712797273975929E1  -1.059877803464844  -1.708783647612773E2  -1.159443537296889  -1.702514138125348E2  -1.623030687652137E1  -1.729040613111054E2  
 1.531328320802005E9    -1.808862021475217E1  -1.011747174356825E2  -1.112451775700396   1.753823099297545E2  -1.183539415674079   1.779206121073359E2  -1.552766706443768E1   1.541551358614995E2  
 1.536340852130326E9    -1.656394994177324E1  -1.340891128145486E2  -1.101666642534099   1.633185732300014E2  -1.176237436090918   1.635308784379786E2  -1.654507802862593E1   1.280801461896288E2  
 1.541353383458647E9    -1.753794589564956E1  -1.587090782534332E2  -1.086997277951922   1.502707571724217E2  -1.141625961958688   1.526868505586967E2  -1.741834389307071E1   9.268221819424487E1  
 1.546365914786967E9    -1.835709081017553E1   1.791768825523042E2  -1.015505724949517   1.351681103646837E2  -1.039653661783798   1.367444179795549E2  -1.946383999842227E1   5.229350239124725E1  
 1.551378446115288E9    -2.017910717060395E1   1.457263706644350E2  -1.000684884761651   1.245879986235367E2  -9.767737179530848E-1   1.283743331454554E2  -2.074099550352635E1   7.358020786102412  
 1.556390977443609E9    -2.162920141071075E1   9.975695137216142E1  -9.774283122263424E-1   1.076060600637302E2  -9.795409786293583E-1   1.122888984821656E2  -1.948149036027909E1  -4.257949595656784E1  
 1.561403508771930E9    -2.241474568805239E1   5.550515565158680E1  -1.003951592211953   9.479921710267455E1  -1.018485386375404   9.689989744650092E1  -1.788019720852671E1  -8.559164576139730E1  
 1.566416040100251E9    -2.314069702902517E1   1.950417847942708E1  -1.070376201011180   8.073691667541377E1  -1.126230685805513   8.302092620714835E1  -1.647661209414315E1  -1.284784753817954E2  
 1.571428571428572E9    -2.214128310744360E1  -2.202933623630575E1  -1.125299301834834   6.830306985861758E1  -1.200486255578839   6.928588302681099E1  -1.540756012548222E1  -1.607454444998629E2  
 1.576441102756892E9    -2.000413144207281E1  -5.674041442074392E1  -1.164956075746776   5.480576101593205E1  -1.277152645927906   5.650892351409970E1  -1.554373297096175E1   1.708097477312853E2  
 1.581453634085213E9    -1.971642359444944E1  -8.601560004790919E1  -1.128983730566562   4.153318195497523E1  -1.255342841483146   4.374966296554803E1  -1.554113306050506E1   1.427594855576543E2  
 1.586466165413534E9    -2.147500777462614E1  -1.044190088853165E2  -1.076166927266377   2.856768812275436E1  -1.132395018053152   3.152939160843587E1  -1.632984249695751E1   1.109975006179191E2  
 1.591478696741855E9    -1.983823925471205E1  -1.402251781816693E2  -1.030228394349054   1.365971299885736E1  -9.822801799293620E-1   1.946341878790139E1  -1.751870277828726E1   7.006837034798758E1  
 1.596491228070175E9    -2.117841873744568E1  -1.765085485914125E2  -1.014288986414258   8.650298692454486E-1  -8.843255272659054E-1   3.567881284736262  -1.909017829195119E1   2.369833975525539E1  
 1.601503759398496E9    -2.142387847060815E1   1.436440630410142E2  -1.008862184365185  -1.314637584100825E1  -8.815045624795614E-1  -1.200739222843454E1  -1.911946353805474E1  -2.419341945167955E1  
 1.606516290726817E9    -2.350046895760266E1   1.116137952532611E2  -1.072336522119248  -2.556509118195478E1  -9.903165198289056E-1  -2.466835429722740E1  -1.662566598142113E1  -6.185633901690995E1  
 1.611528822055138E9    -2.200131195826241E1   5.825112862487482E1  -1.119721025607831  -4.045081939633194E1  -1.177580143598657  -3.869192021075204E1  -1.630372652244789E1  -1.041294239411816E2  
 1.616541353383459E9    -2.103119582742001E1   2.378452429174922E1  -1.170508695752449  -5.306230304708976E1  -1.263763615323176  -5.168094321984864E1  -1.522573867777307E1  -1.302360991882786E2  
 1.621553884711780E9    -2.115706253895313E1  -1.202694629454490E1  -1.156913053117505  -6.691431698789685E1  -1.248957858135708  -6.500013781892702E1  -1.460886960504048E1  -1.640710461193823E2  
 1.626566416040100E9    -2.140430066660943E1  -3.067386525956458E1  -1.107866034809491  -8.036444715901413E1  -1.181361076474718  -7.707604113600188E1  -1.487550098120126E1   1.701343867761328E2  
 1.631578947368421E9    -2.080104356896865E1  -8.177904219979475E1  -1.013005172028017  -9.434635948462336E1  -9.963238413947829E-1  -9.005029485217821E1  -1.618274824657821E1   1.361826750072702E2  
 1.636591478696742E9    -2.172177695539062E1  -9.563358361908067E1  -9.291062975092350E-1  -1.057708357720092E2  -8.348619208604953E-1  -1.051734881468159E2  -1.746191460248653E1   9.966484341858856E1  
 1.641604010025063E9    -2.318980068400751E1  -1.383575489501099E2  -9.432835379045901E-1  -1.209748746795830E2  -8.017854073530607E-1  -1.194013351979567E2  -1.795142967016605E1   5.374417701464794E1  
 1.646616541353384E9    -2.099296196821458E1   1.721650018577316E2  -9.947811817621476E-1  -1.344603059977444E2  -9.155093763214504E-1  -1.348093709398144E2  -1.784742759510655E1   6.904055522274263  
 1.651629072681704E9    -2.231918239140057E1   1.388269246481730E2  -1.092478073599864  -1.482041970901948E2  -1.126305689489342  -1.494348411695061E2  -1.677239008232764E1  -3.926953676906593E1  
 1.656641604010025E9    -1.996285646896649E1   1.095710465465139E2  -1.191072612674816  -1.613262754264335E2  -1.315554079504897  -1.605609280982712E2  -1.572299892289355E1  -7.007121354756168E1  
 1.661654135338346E9    -1.982715001097240E1   8.413268680176022E1  -1.197204992369706  -1.740797506595980E2  -1.351378324156705  -1.721313977259321E2  -1.427281430046709E1  -1.052034249074631E2  
 1.666666666666667E9    -2.125515332020603E1   5.511747136941965E1  -1.163620657153876   1.729234393766857E2  -1.257739620835879   1.761923412209102E2  -1.492602903304798E1  -1.313988830470094E2  
 1.671679197994988E9    -2.298038728046426E1   2.928153801368950E1  -1.063068306153473   1.607916654442408E2  -1.055966680434411   1.613400697227780E2  -1.430122856115071E1  -1.665367950486845E2  
 1.676691729323309E9    -2.248244410620692E1  -1.250625048848855E1  -9.312739930679553E-1   1.456028597077300E2  -8.066207588337621E-1   1.482319739038088E2  -1.521091505556577E1   1.650482042246522E2  
 1.681704260651629E9    -2.409274895706402E1  -4.751877331974576E1  -8.733975205761492E-1   1.315136217378531E2  -6.568896076545647E-1   1.342355543518912E2  -1.641923996286166E1   1.281925118632323E2  
 1.686716791979950E9    -2.541156495214226E1  -1.204697402543901E2  -9.185224863858766E-1   1.174686635724677E2  -6.763704414726750E-1   1.175538439891181E2  -1.790188878369371E1   9.109443000178759E1  
 1.691729323308271E9    -2.364692683572732E1  -1.619204215437274E2  -9.986612890876193E-1   1.033124569388332E2  -8.665324482984974E-1   1.049959561137531E2  -1.824570185796711E1   3.957445775150277E1  
 1.696741854636591E9    -2.221247941327495E1   1.639111812279710E2  -1.101443546754271   8.972210952157479E1  -1.110808595144619   9.053334753890968E1  -1.813947737797981E1  -1.385853305416118  
 1.701754385964912E9    -2.052061956326838E1   1.387862496339261E2  -1.161408937042431   7.652693239421154E1  -1.253189884616812   7.835302442414620E1  -1.652930964362990E1  -3.945257607024892E1  
 1.706766917293233E9    -1.919074561818737E1   1.129198660925451E2  -1.179758818218110   6.306317741601819E1  -1.248813226264504   6.593306574738591E1  -1.573239994008821E1  -7.708703669889350E1  
 1.711779448621554E9    -1.883904979996138E1   8.774469389743987E1  -1.081301303241167   5.016134412103482E1  -1.077732871861966   5.299321543435858E1  -1.615814095110941E1  -1.014337931102669E2  
 1.716791979949875E9    -2.124479205760850E1   7.308960545796286E1  -9.637623438247412E-1   3.765271136841998E1  -8.289045897408709E-1   4.051148621972010E1  -1.556522486367770E1  -1.335983814477494E2  
 1.721804511278195E9    -2.369161568971498E1   2.686921398909048E1  -8.571422226190023E-1   2.364185416641299E1  -6.370311623803987E-1   2.708946067096750E1  -1.653159275366001E1  -1.591621632482743E2  
 1.726817042606516E9    -2.621592295405596E1  -4.571853724580959  -8.039454958528634E-1   9.104479203760819  -6.062133784512247E-1   1.164117018589637E1  -1.836095212986155E1   1.569675792246752E2  
 1.731829573934837E9    -2.842924616933092E1  -6.727420330912530E1  -8.607181461186453E-1  -3.732880780770760  -7.269946448967937E-1  -4.417490239829675  -1.940138070803835E1   1.220479420820685E2  
 1.736842105263158E9    -2.414665036131442E1  -1.178132273125607E2  -9.769117006864575E-1  -1.796199610684584E1  -9.409857492285264E-1  -1.733302529678493E1  -1.982545979948140E1   7.578663529416257E1  
 1.741854636591479E9    -2.278788678880652E1  -1.627327428028718E2  -1.079237082088012  -3.167112066920961E1  -1.125070253350756  -3.166715087525540E1  -1.992799060946345E1   2.563404519873581E1  
 1.746867167919800E9    -1.964041371836701E1  -1.799410997235264E2  -1.114213917227961  -4.275722807537560E1  -1.145488857818430  -4.314972362919288E1  -1.877916990041934E1  -1.641676826537788E1  
 1.751879699248120E9    -1.868543736213259E1   1.516818009412721E2  -1.097139638283437  -5.659123236057126E1  -1.020674216054024  -5.464334246834373E1  -1.665883124143761E1  -4.682460302975068E1  
 1.756892230576441E9    -1.854348538481303E1   1.302842926493549E2  -9.987050044293483E-1  -7.133709322245953E1  -8.454037875119831E-1  -6.792258266349290E1  -1.686138248078836E1  -7.735955151081562E1  
 1.761904761904762E9    -1.894619542730213E1   1.167942695162262E2  -8.631355286104642E-1  -8.465239084835633E1  -6.636757983624826E-1  -8.228867840568465E1  -1.744374714577811E1  -1.076756933801225E2  
 1.766917293233083E9    -2.272865327636010E1   8.521702193895034E1  -7.583172147212451E-1  -9.821688189871423E1  -5.459575677532075E-1  -9.753220321631271E1  -1.870751964747348E1  -1.347546521357569E2  
 1.771929824561404E9    -2.726040650550561E1   6.003331294418600E1  -7.820886443423315E-1  -1.140459165945002E2  -6.252490141993321E-1  -1.121872292884652E2  -1.928192857220549E1  -1.689554732380218E2  
 1.776942355889724E9    -2.864422006578677E1  -1.075914180865191E1  -8.603368097873142E-1  -1.268301821905414E2  -8.215481335391494E-1  -1.265885756448999E2  -2.100908090115027E1   1.496461667474594E2  
 1.781954887218045E9    -2.487911913183811E1  -7.443751440349530E1  -9.850398839098349E-1  -1.407917651455917E2  -9.703143150389245E-1  -1.399382264011913E2  -2.112953121327596E1   1.080820647175007E2  
 1.786967418546366E9    -2.232854916979608E1  -1.185215963048473E2  -1.065230574542335  -1.542151435188477E2  -1.069682735810837  -1.536913594020524E2  -2.175091901566929E1   6.021923341732060E1  
 1.791979949874687E9    -2.050227308596038E1  -1.402842254386188E2  -1.083060215085618  -1.660315048136629E2  -1.028119354746914  -1.646008583678364E2  -2.185542171061361E1   1.808364833892133E1  
 1.796992481203008E9    -1.894369373092090E1  -1.699959367595437E2  -1.006048132762164  -1.798217661572546E2  -9.006023826983702E-1  -1.790089034307968E2  -2.128027537135950E1  -2.115213060511427E1  
 1.802005012531328E9    -1.856515025992934E1   1.730585065131260E2  -9.004050730226404E-1   1.669740459084989E2  -7.257243088539938E-1   1.693911073630402E2  -2.006489285232375E1  -5.614705595493111E1  
 1.807017543859649E9    -1.899480334429968E1   1.562715794057069E2  -7.942328153837773E-1   1.544091279639349E2  -6.464105092564818E-1   1.533353326672547E2  -2.102727005254174E1  -8.652540000588341E1  
 1.812030075187970E9    -2.105338673625314E1   1.314349747586037E2  -7.146328466247303E-1   1.387812336609335E2  -7.061946770391118E-1   1.393315443515297E2  -2.309141282888465E1  -1.213572575507809E2  
 1.817042606516291E9    -2.349489426762060E1   1.018918222365709E2  -7.516188291055492E-1   1.258559689062663E2  -8.233617559285698E-1   1.252085471450234E2  -2.396959273732881E1  -1.763000089789734E2  
 1.822055137844612E9    -2.763546918912986E1   4.749631217847356E1  -8.213780288048039E-1   1.117274820023017E2  -9.467774215903686E-1   1.101204722940294E2  -2.466829701169133E1   1.437003733114663E2  
 1.827067669172932E9    -3.211380821094590E1  -1.415622920612136E1  -9.329800601470298E-1   9.725295724734571E1  -1.009225735986064   9.854720328545675E1  -2.707728228083085E1   1.009177004773510E2  
 1.832080200501253E9    -2.479329496070557E1  -7.024880349810557E1  -9.840997287089615E-1   8.469972925057499E1  -9.794667598134272E-1   8.646537783289266E1  -2.335036431606748E1   5.531210222973508E1  
 1.837092731829574E9    -2.208858581522244E1  -9.998318233981570E1  -9.618412826571648E-1   7.327880178848832E1  -8.794530905564869E-1   7.196634103789019E1  -2.249600393358811E1   2.463126249184327E1  
 1.842105263157895E9    -1.908546069552646E1  -1.325160047847190E2  -8.731638946989404E-1   5.886424751399144E1  -7.482487389720859E-1   5.991249479272018E1  -2.283339287301568E1  -2.667429895030947  
 1.847117794486216E9    -1.866244184245806E1  -1.415126106362995E2  -7.533252351664918E-1   4.602564776926397E1  -7.073233172174691E-1   4.597994040997845E1  -2.241848763072240E1  -4.821272240624004E1  
 1.852130325814536E9    -1.988663956628886E1  -1.745712875647512E2  -6.882981857107178E-1   3.059828512920794E1  -7.151868775363870E-1   3.067960291542515E1  -2.370158865769615E1  -8.838401188383467E1  
 1.857142857142857E9    -2.062504087141266E1   1.670821682946269E2  -6.916654036378093E-1   1.637137211886009E1  -8.257067818523936E-1   1.701051298519283E1  -2.332741645530381E1  -1.249349297363976E2  
 1.862155388471178E9    -2.179455800580698E1   1.422232328957112E2  -7.482736642864749E-1   3.080480680705457  -9.819675923094159E-1   2.092916001807076  -2.524444850017746E1  -1.610621504937622E2  
 1.867167919799499E9    -2.434020123123926E1   9.791798457645932E1  -8.639259292894279E-1  -1.173384598477978E1  -1.066216785798210  -9.782487622946819  -2.355343613196686E1   1.538196141515473E2  
 1.872180451127820E9    -2.589617962403496E1   4.481893062599180E1  -9.678818779205558E-1  -2.388164243674778E1  -1.044477231114253  -2.235321089928177E1  -2.177999687656486E1   1.049123304219220E2  
 1.877192982456141E9    -2.552826160674838E1   9.842182566752280  -1.008707541281340  -3.716592820863131E1  -9.700611056941602E-1  -3.514228066317227E1  -2.163394961381462E1   8.661206491598077E1  
 1.882205513784461E9    -2.253826298767640E1  -3.762705626048619E1  -9.700830588808650E-1  -5.103334615813192E1  -8.871399171972051E-1  -4.742472965046034E1  -2.286834695019356E1   6.190475871378502E1  
 1.887218045112782E9    -2.133056148977783E1  -6.142699993169396E1  -8.809067558263877E-1  -6.194896024139673E1  -7.763316088121964E-1  -6.156668231298248E1  -2.281985558440311E1   1.953695820518986E1  
 1.892230576441103E9    -2.188524097717280E1  -8.689519915902562E1  -7.693915986984478E-1  -7.799726252082742E1  -7.753120663838251E-1  -7.742012320872621E1  -2.502867613312156E1  -2.043088695885464E1  
 1.897243107769424E9    -2.089856585123761E1  -1.244701855962447E2  -7.176008317271850E-1  -9.099995965003211E1  -8.465618147073675E-1  -9.155342161887583E1  -2.870375251109599E1  -7.128669200462372E1  
 1.902255639097745E9    -2.056651309200903E1  -1.412995966176088E2  -7.239897399732183E-1  -1.063485996760419E2  -9.600310410766849E-1  -1.040038074049369E2  -2.885104572602790E1  -1.157241564242802E2  
 1.907268170426065E9    -2.250890685988217E1  -1.694860339983619E2  -8.019395271020227E-1  -1.182247764141395E2  -1.026049112141325  -1.180529226365789E2  -2.434023498770653E1  -1.774238494709624E2  
 1.912280701754386E9    -2.386812517272266E1   1.538920636038496E2  -9.018167991782228E-1  -1.317517004604700E2  -1.049127243306757  -1.301866891395763E2  -2.179642924079787E1   1.633162057633790E2  
 1.917293233082707E9    -2.414946203547327E1   1.183967304312928E2  -9.798859494821335E-1  -1.466053776760396E2  -9.734198313423242E-1  -1.441713418038871E2  -2.154338064536387E1   1.303694347050491E2  
 1.922305764411027E9    -2.458323360194942E1   4.732317841692832E1  -9.981727883076451E-1  -1.596324371983738E2  -8.636831295116328E-1  -1.566982861423981E2  -2.145719345149747E1   1.054007652057178E2  
 1.927318295739348E9    -2.426406989117002E1   2.424366259381645E1  -9.250425168726598E-1  -1.714745254863735E2  -7.918305867518359E-1  -1.701523559099830E2  -2.140366876778075E1   8.524197402268449E1  
 1.932330827067669E9    -2.401083281057105E1  -1.465361829170554E1  -8.392207645095039E-1   1.739844126883132E2  -7.444185363899549E-1   1.748532451301284E2  -2.276120385902936E1   4.313324792532524E1  
 1.937343358395990E9    -2.234336495567634E1  -3.188478592139791E1  -7.339658522969694E-1   1.605064685027027E2  -7.566237303102893E-1   1.616462241245550E2  -2.587548259512789E1   2.100586673213164E1  
 1.942355889724311E9    -2.325094992314368E1  -7.377332573173881E1  -6.925170845940761E-1   1.481192371676397E2  -8.224010581612138E-1   1.485055586757889E2  -2.778208720350915E1  -2.429228901305545E1  
 1.947368421052632E9    -2.299382960341059E1  -1.022737058890059E2  -7.032197598147999E-1   1.322382822833797E2  -9.005255591159510E-1   1.328341466845714E2  -2.857227462408835E1  -9.714387246288243E1  
 1.952380952380952E9    -2.664124961236908E1  -1.477542522428053E2  -7.825048993543131E-1   1.179060123192559E2  -9.451115066381934E-1   1.200037000920744E2  -2.537154930218596E1  -1.305436601015712E2  
 1.957393483709273E9    -2.366863000115885E1   1.760603110477940E2  -8.805358510752601E-1   1.041150882828568E2  -9.495128861625352E-1   1.075012067508472E2  -2.413729278813468E1  -1.603323798012115E2  
 1.962406015037594E9    -2.248573092077952E1   1.514379995028228E2  -9.738679948633947E-1   9.124057569508652E1  -9.109029306616548E-1   9.439463956884090E1  -2.314510881995006E1   1.748119264465875E2  
 1.967418546365915E9    -2.163514533481627E1   1.242002937007645E2  -9.934178995786180E-1   7.905117233913860E1  -8.622205615262067E-1   7.997204371307936E1  -2.241919426354460E1   1.568615682772592E2  
 1.972431077694236E9    -2.062901118969887E1   9.452214272906531E1  -9.330618132887901E-1   6.497281080714078E1  -7.821450686736037E-1   6.607857082713396E1  -2.263481833010477E1   1.332171769472163E2  
 1.977443609022556E9    -2.053000196472346E1   6.894690985470432E1  -8.477954907120431E-1   5.262441537352144E1  -7.629363328296802E-1   5.367363422277654E1  -2.315798436256412E1   1.231505429653425E2  
 1.982456140350877E9    -2.173493208186097E1   4.527535993466382E1  -7.526803808022650E-1   3.807014531701660E1  -7.464871821673279E-1   3.939432615701731E1  -2.552829145919910E1   1.161111706368656E2  
 1.987468671679198E9    -2.451712251217730E1   8.616134336602396  -6.852280646093115E-1   2.407281909445725E1  -7.634294681558661E-1   2.581929627457188E1  -2.938284344119811E1   1.172743828146189E2  
 1.992481203007519E9    -2.871815300233954E1  -1.192137865708950E1  -7.084312094322314E-1   1.004364575539061E1  -7.992765667634360E-1   1.274145746899912E1  -3.628642207028116E1   1.369602941650767E2  
 1.997493734335840E9    -2.761079439508885E1  -4.262403984480672E1  -7.624593564062993E-1  -3.427939688255528  -8.152678323088399E-1  -2.240334624046877E-1  -3.247129751106848E1   1.772567854114920E2  
 2.002506265664161E9    -3.118676740179584E1  -1.226861382983116E2  -8.431522228178683E-1  -1.645305595747183E1  -7.868541692372821E-1  -1.489832827588683E1  -3.019025001783454E1  -1.734496803717856E2  
 2.007518796992481E9    -2.532325693111616E1  -1.681668090751968E2  -9.096391547200183E-1  -3.019944697876512E1  -7.929047359657669E-1  -2.849579631087072E1  -2.713450327605826E1  -1.762530266216741E2  
 2.012531328320802E9    -2.408096109013738E1   1.539675343079851E2  -9.221513105349943E-1  -4.437947724661896E1  -7.556701196759114E-1  -4.226317991675096E1  -2.633334357086709E1   1.752122549877136E2  
 2.017543859649123E9    -2.288957037549157E1   1.359448129978682E2  -8.704996215822123E-1  -5.676918480791638E1  -7.342664374706672E-1  -5.493929466982834E1  -2.525751927059842E1  -1.799133545989350E2  
 2.022556390977444E9    -2.215771484075494E1   1.100470943319301E2  -7.857787746339013E-1  -7.000748910464274E1  -7.379964197309085E-1  -6.838204496984793E1  -2.770675027711957E1   1.617831178583356E2  
 2.027568922305764E9    -2.279587705875891E1   9.282960141174227E1  -7.273997320187307E-1  -8.436126585149621E1  -7.290679920057008E-1  -8.214241681701220E1  -2.635270845982576E1   1.514808829104759E2  
 2.032581453634085E9    -2.518315969637515E1   5.553489228872763E1  -6.740036357383658E-1  -9.737991333806707E1  -7.182148441857064E-1  -9.650087633097857E1  -2.747424190872801E1   1.595451198575797E2  
 2.037593984962406E9    -2.783905623846150E1   3.739266574320899E1  -7.095564036933064E-1  -1.126695385173574E2  -7.103447273634751E-1  -1.105490234884086E2  -2.988592036476325E1   1.564457252811088E2  
 2.042606516290727E9    -2.931039911812699E1  -2.705944506455424E1  -7.877209376004648E-1  -1.253770206260974E2  -7.250884832583694E-1  -1.242403364561528E2  -2.990470210622781E1   1.320059167278121E2  
 2.047619047619048E9    -2.733793642038552E1  -9.028701134110163E1  -8.603525955573845E-1  -1.388856224321804E2  -7.381864090320082E-1  -1.377277872623499E2  -3.758785517441467E1   1.012428393615334E2  
 2.052631578947369E9    -2.470922459532439E1  -1.424112896381297E2  -9.050039775943335E-1  -1.504282385093399E2  -7.782287284831998E-1  -1.506585664668741E2  -4.154929341058510E1   1.767137116201284E2  
 2.057644110275689E9    -2.084250394507034E1  -1.554983359535862E2  -8.841362829270668E-1  -1.654975144294568E2  -8.175362078357192E-1  -1.638906336328286E2  -3.366270761319153E1  -8.797018545948183E1  
 2.062656641604010E9    -1.972997715827742E1   1.772375083054916E2  -7.920172533101304E-1  -1.772678662975311E2  -8.319909529004513E-1  -1.777495876169146E2  -2.621401113639192E1  -9.530585053373626E1  
 2.067669172932331E9    -1.979116434715890E1   1.652317392642158E2  -6.909628663638472E-1   1.691756144575286E2  -7.970804176772769E-1   1.698939561873175E2  -2.385243418854919E1  -1.082045456250026E2  
 2.072681704260652E9    -1.896565407345192E1   1.386241387417431E2  -6.118339231371208E-1   1.533588625615598E2  -7.236017954893351E-1   1.553747129654903E2  -2.174222350944748E1  -1.243324469325194E2  
 2.077694235588973E9    -1.989306694089352E1   1.185228071262287E2  -5.643185338929134E-1   1.385268785094564E2  -6.815914396445080E-1   1.403795573846128E2  -1.955623221391826E1  -1.444636616669889E2  
 2.082706766917293E9    -2.174772713954062E1   1.070575121844156E2  -5.867259453381234E-1   1.266318456644099E2  -6.494686938841293E-1   1.279467927149365E2  -2.003657042032953E1  -1.639039115158751E2  
 2.087719298245614E9    -2.585583481662701E1   8.533995560204069E1  -6.603689100407902E-1   1.117404524079161E2  -6.573381484531990E-1   1.133253173975732E2  -1.927580773717073E1   1.747221132418395E2  
 2.092731829573935E9    -3.050376852369726E1   5.979064736169879E1  -7.000994397527165E-1   1.005273280130687E2  -7.071179706463157E-1   9.927726471509450E1  -2.006852251915744E1   1.559627949690900E2  
 2.097744360902256E9    -3.728942371405463E1  -6.152420031066815E1  -7.110045714817183E-1   8.649968138074978E1  -7.847798901758636E-1   8.446841669324508E1  -2.365728338180648E1   1.394398212678757E2  
 2.102756892230577E9    -3.121830156221143E1  -1.306150417851816E2  -6.880086540518799E-1   7.049656884441141E1  -8.545864679259688E-1   7.340466185980121E1  -2.716795271016011E1   9.357412101594544E1  
 2.107769423558897E9    -2.423585712801117E1  -1.603037991207585E2  -6.373477095052218E-1   5.881306274169725E1  -8.676352397378998E-1   5.968107511937365E1  -3.141016349933237E1   3.286037808653762E1  
 2.112781954887218E9    -2.305357269322643E1  -1.742491137753047E2  -6.086444633795868E-1   4.472687714238689E1  -8.034399406892919E-1   4.585394931152509E1  -2.664925681744618E1  -5.139484016889446E1  
 2.117794486215539E9    -2.324466708180365E1   1.591908990827185E2  -6.034395230166602E-1   3.128150242423939E1  -7.289971611082659E-1   3.311908696722126E1  -2.607529000293734E1  -7.651112543475658E1  
 2.122807017543860E9    -2.450534502150054E1   1.442871612764521E2  -6.448208867027614E-1   1.651972773352626E1  -6.539126370495867E-1   2.019729940242804E1  -2.201950774173150E1  -1.075758354355276E2  
 2.127819548872181E9    -2.598019340922945E1   1.199213548971206E2  -7.034385798192469E-1   3.382679935775875  -6.428924413710866E-1   3.709692440770474  -2.164568484718238E1  -1.422046686785201E2  
 2.132832080200501E9    -2.742275868852410E1   8.303532837354544E1  -7.927953684025758E-1  -1.029177419054913E1  -6.725280754779832E-1  -9.534857948487018  -2.059135372978985E1  -1.641470996989813E2  
 2.137844611528822E9    -2.951134452989870E1   7.738411974185365  -7.738457267623491E-1  -2.231113600151158E1  -7.619036997199311E-1  -2.233213443219264E1  -2.221499788360592E1   1.663076574123782E2  
 2.142857142857143E9    -2.772370100697361E1  -4.477051526280372E1  -7.312079232382679E-1  -3.626381411525527E1  -8.772591225396679E-1  -3.585679827748803E1  -2.239441327076001E1   1.310785110372601E2  
 2.147869674185464E9    -2.590578590134729E1  -8.852937634961775E1  -6.833859572848750E-1  -5.153533469058782E1  -8.930822370291928E-1  -4.879299066863734E1  -2.447054249854673E1   9.717106554329727E1  
 2.152882205513784E9    -2.162054263557399E1  -9.185843138304188E1  -6.215313134562650E-1  -6.371952441105113E1  -8.236045791364752E-1  -6.059348701341433E1  -2.392858723674792E1   3.076437721415539E1  
 2.157894736842105E9    -2.146369745571876E1  -1.174951020024796E2  -6.096525062404379E-1  -7.768135505254047E1  -7.113086857954810E-1  -7.585897215224634E1  -2.200135317088620E1  -1.255853401774840E1  
 2.162907268170426E9    -2.091403677596290E1  -1.375241657575170E2  -6.213658761165914E-1  -9.254385070309252E1  -6.348612043298312E-1  -8.986475688929912E1  -2.035842550207664E1  -5.023139176802833E1  
 2.167919799498747E9    -2.154756152045501E1  -1.619259445993870E2  -6.901901099324694E-1  -1.066669713069819E2  -6.001323236927796E-1  -1.042803205230783E2  -1.996108060567770E1  -8.052539088566772E1  
 2.172932330827067E9    -2.287673108252090E1  -1.798794248265463E2  -7.634139941688166E-1  -1.194549234350003E2  -6.319318746350886E-1  -1.197937206319343E2  -1.869463001000290E1  -1.016840124476585E2  
 2.177944862155389E9    -2.506709021383258E1   1.591155540166586E2  -8.079051958963427E-1  -1.341252242112251E2  -7.288421450820645E-1  -1.310490148512531E2  -1.847051462862971E1  -1.290731544156633E2  
 2.182957393483709E9    -2.862202749762547E1   1.238823684280489E2  -8.146566595895260E-1  -1.456220994137879E2  -8.555544385154242E-1  -1.445758622859759E2  -1.909308426651476E1  -1.570098145350381E2  
 2.187969924812030E9    -4.170743634504950E1   9.566162998589716E1  -7.713930002746622E-1  -1.593965626157323E2  -9.389488542611961E-1  -1.583317843941211E2  -2.020115073780722E1  -1.790204935114824E2  
 2.192982456140351E9    -3.528529170266435E1  -4.762145817087254E1  -7.350729294850262E-1  -1.741712563815961E2  -9.120278461636203E-1  -1.710930571369587E2  -2.179793875746658E1   1.385759814253893E2  
 2.197994987468672E9    -2.887228596289523E1  -7.917247176109719E1  -7.372521542054520E-1   1.724237136862940E2  -8.285266207077590E-1   1.751594865056497E2  -2.542620780718934E1   1.043700743665267E2  
 2.203007518796992E9    -2.495572872058487E1  -1.111322192383632E2  -7.976889083210931E-1   1.577622186723492E2  -7.281744917968871E-1   1.620769655835058E2  -2.719747792815531E1   5.391789025297651E1  
 2.208020050125313E9    -2.483740867508432E1  -1.339509665575035E2  -8.482111895462864E-1   1.443944638773983E2  -7.193015180287864E-1   1.477990976122752E2  -2.781100222343764E1  -5.245627487361931  
 2.213032581453634E9    -2.316119846519422E1  -1.662586343296773E2  -9.308349283305305E-1   1.316673898779870E2  -7.458766885102448E-1   1.323160221483484E2  -2.597341908155788E1  -4.697242350658593E1  
 2.218045112781955E9    -2.296424708395754E1   1.637266616073873E2  -9.634773028623714E-1   1.184818169544704E2  -8.124112825429599E-1   1.200496243013520E2  -2.407071280193901E1  -9.981481039054485E1  
 2.223057644110276E9    -2.149731586481477E1   1.281588643201471E2  -9.423257081180196E-1   1.055935454191545E2  -9.173332333086849E-1   1.057539055850157E2  -2.475766915587326E1  -1.454269538875855E2  
 2.228070175438597E9    -2.152252329227428E1   1.032906061073656E2  -8.716249218797557E-1   9.318125019542508E1  -9.451838940625154E-1   9.231180837726510E1  -2.449155655814373E1  -1.798721669187527E2  
 2.233082706766917E9    -2.279822046965321E1   6.515463720698126E1  -8.042264869676697E-1   7.911828153742647E1  -9.122433465235184E-1   7.966830253896997E1  -2.240294946220902E1   1.362032332220957E2  
 2.238095238095238E9    -2.086886632902556E1   3.382062985858135E1  -7.411460609358658E-1   6.305661157399347E1  -8.099469676739464E-1   6.650634042908742E1  -2.112481423085356E1   1.014768101028389E2  
 2.243107769423559E9    -2.132872039183444E1   7.862766422052204  -7.633222983836377E-1   4.966708541545707E1  -7.427697358932198E-1   5.289363889172446E1  -2.054939067620004E1   7.015118322316110E1  
 2.248120300751880E9    -2.072553196993863E1  -1.728060935349568E1  -8.140072334766745E-1   3.562311053428390E1  -7.332142852882247E-1   3.829773782803736E1  -2.088293912252070E1   3.591686640299762E1  
 2.253132832080200E9    -2.091611828825653E1  -5.107769639897678E1  -9.293358525763527E-1   2.193838130011431E1  -8.220500071948486E-1   2.473252566425012E1  -2.039568818890166E1   4.530912252935480  
 2.258145363408522E9    -2.199492087519752E1  -7.897950632708155E1  -1.036194687694603   8.488527098516947  -8.903724873970953E-1   1.027703012760628E1  -2.055375674010498E1  -2.902613982440071E1  
 2.263157894736842E9    -2.247020400507553E1  -1.198240200999869E2  -1.064662605312699  -4.441720194957036  -9.782337420784228E-1  -2.508013932559141  -2.148657259611418E1  -6.265703252554177E1  
 2.268170426065163E9    -2.408921703325983E1  -1.569868722500619E2  -1.056987764799503  -1.728509764365577E1  -1.023831270084626  -1.633864724787252E1  -2.383185024291602E1  -1.009897030871429E2  
 2.273182957393484E9    -2.469073297886650E1   1.796778050034350E2  -9.923262243382314E-1  -3.188329106379101E1  -9.553687636593568E-1  -2.900623879647954E1  -2.408861614421591E1  -1.445387608349994E2  
 2.278195488721805E9    -2.363272241854661E1   1.365135296648791E2  -9.310285036516355E-1  -4.380521569390569E1  -9.002132073891481E-1  -4.194272861947110E1  -2.323594212303434E1   1.703217523970199E2  
 2.283208020050125E9    -2.423929532280192E1   1.064221661992829E2  -8.951933620699909E-1  -5.827181790466322E1  -8.140420355230220E-1  -5.679513730944797E1  -2.311751282974466E1   1.212118725016820E2  
 2.288220551378446E9    -2.569022826535603E1   6.737096142700634E1  -9.331230446083079E-1  -7.238130125334754E1  -8.216941224895079E-1  -7.073060542970787E1  -2.197619095539493E1   8.674862498117511E1  
 2.293233082706767E9    -2.623519333384839E1   2.996333159734488E1  -9.704296224514872E-1  -8.534548291405179E1  -9.152055385821770E-1  -8.500848828767302E1  -2.124224143083219E1   3.856631762211452E1  
 2.298245614035088E9    -2.891263194613509E1  -2.174487531681774E1  -1.047212878554226  -9.711836560747510E1  -1.052473080350705  -9.784052347014328E1  -2.136015324185827E1   4.533350127789562  
 2.303258145363409E9    -2.688482368849827E1  -8.444122773342552E1  -1.050776845561225  -1.135021363267776E2  -1.124403139662136  -1.109491687199963E2  -2.069735643074400E1  -4.013257213936689E1  
 2.308270676691730E9    -2.513373876070839E1  -1.260315712351579E2  -1.062920449246626  -1.266542959506014E2  -1.065398532596641  -1.256862380349141E2  -1.965531485945139E1  -8.417699733030814E1  
 2.313283208020050E9    -2.231728910371396E1  -1.618689528424677E2  -9.906122836090618E-1  -1.399830039962025E2  -1.006678746960557  -1.354565741347371E2  -1.846303060830767E1  -1.208090561564406E2  
 2.318295739348371E9    -1.887935695419152E1   1.784466612002176E2  -9.050190192367718E-1  -1.525385489765796E2  -8.803020843812354E-1  -1.504714753387297E2  -1.711050776900459E1  -1.516775289090453E2  
 2.323308270676692E9    -1.736602471771821E1   1.510343615934492E2  -9.207606678211434E-1  -1.667988512316467E2  -7.846860420896296E-1  -1.653090236647565E2  -1.601788234337223E1   1.744244889347375E2  
 2.328320802005013E9    -1.705719058926973E1   1.263247084140794E2  -1.017077571229849   1.769357264220718E2  -8.103332917478249E-1  -1.793835253939975E2  -1.527770036760613E1   1.439494073260025E2  
 2.333333333333334E9    -1.677549439186700E1   1.026942367584415E2  -1.137118575347315   1.648405284596754E2  -9.991225548998484E-1   1.662449055558114E2  -1.451177029551737E1   1.170320146637786E2  
 2.338345864661655E9    -1.639050179254656E1   8.446185764719985E1  -1.254410244443875   1.517633441982593E2  -1.173735202118029   1.526199776332466E2  -1.473021758574572E1   8.737310382176804E1  
 2.343358395989975E9    -1.713673730114636E1   5.956058404450386E1  -1.312378625779902   1.392114654843469E2  -1.305824876566326   1.395758602556647E2  -1.536713847924428E1   6.409832545149064E1  
 2.348370927318296E9    -1.894580204829672E1   3.563354065759047E1  -1.301429906344342   1.262190538457729E2  -1.308018482854874   1.275682977011939E2  -1.666382715577740E1   3.024233631188585E1  
 2.353383458646617E9    -2.179402556803133E1   7.714810707833389  -1.194152937472051   1.132063686775680E2  -1.179656516413822   1.145486411849755E2  -1.890306220080562E1  -3.488664065277889  
 2.358395989974937E9    -2.444795999600131E1  -3.062976754160150E1  -1.083993311158892   9.963067094253448E1  -9.975342746075595E-1   1.019277001675080E2  -2.061820314220985E1  -4.825914263592846E1  
 2.363408521303258E9    -2.459821036142999E1  -7.267959701494718E1  -9.991411026157298E-1   8.690278662315559E1  -8.647163091863591E-1   8.732249974584408E1  -2.199013101959989E1  -1.060243469896052E2  
 2.368421052631579E9    -2.567079285360663E1  -1.238462969514377E2  -9.714829519324487E-1   7.319647899856544E1  -8.478160649811048E-1   7.214903240095522E1  -1.915669262920433E1  -1.580886733225131E2  
 2.373433583959900E9    -2.331894887594972E1  -1.714181092109308E2  -1.039777725406468   5.849993387391402E1  -9.960523123924684E-1   5.716908887043549E1  -1.823487729339979E1   1.652372328381489E2  
 2.378446115288220E9    -2.317928904908717E1   1.563225740916303E2  -1.137787201832378   4.523007582719366E1  -1.187223814354544   4.398812482296197E1  -1.667915110339060E1   1.317386714574464E2  
 2.383458646616541E9    -2.247178942076554E1   1.289779828124680E2  -1.183309249650614   3.223844056437688E1  -1.335975273755522   3.202761341966846E1  -1.642010125276970E1   1.041555869935157E2  
 2.388471177944862E9    -2.390281480650676E1   1.048002016391029E2  -1.174008246126040   2.030811935238161E1  -1.348162943752004   1.900586353492218E1  -1.630192522044903E1   7.022744959785412E1  
 2.393483709273183E9    -2.643720139974430E1   7.076928909959963E1  -1.092225298861514   3.955040589894546  -1.242777574799614   5.085218585631305  -1.687698512134061E1   3.818998110366469E1  
 2.398496240601504E9    -2.952892651319119E1   3.034112764027631E1  -9.919011663762382E-1  -9.418574501864633  -1.071128477445831  -7.213311049858221  -1.736577029538942E1  -3.921265036107119  
 2.403508771929825E9    -2.970008445297117E1  -6.100340239805122E1  -9.458838273973815E-1  -2.331222469795269E1  -9.223062482898332E-1  -1.949460234500297E1  -1.759395789150097E1  -4.323432178004885E1  
 2.408521303258145E9    -2.360521121747471E1  -1.029303579844435E2  -9.660746728768129E-1  -3.698791695524009E1  -8.774180591281207E-1  -3.575653630984352E1  -1.727569407405761E1  -8.687343385138665E1  
 2.413533834586466E9    -1.996972845786189E1  -1.266282298968355E2  -1.085922386780948  -4.987471814572064E1  -1.021515379612515  -5.141177252197623E1  -1.611583361417451E1  -1.216790320259225E2  
 2.418546365914787E9    -1.742403905821504E1  -1.523825515701579E2  -1.217543517693305  -6.460911688099526E1  -1.258409064560581  -6.418823971621154E1  -1.502830826725753E1  -1.503716850372657E2  
 2.423558897243108E9    -1.668550308653732E1  -1.732097768605701E2  -1.350707059153712  -7.832845231809732E1  -1.432360495630184  -7.707054312622674E1  -1.445211425735407E1   1.797074163330469E2  
 2.428571428571428E9    -1.642215740252181E1   1.659909573100620E2  -1.382083346227973  -8.975272867417517E1  -1.528287202525424  -8.916577904181420E1  -1.439147656713661E1   1.538183395549126E2  
 2.433583959899750E9    -1.624312871182225E1   1.473545775260403E2  -1.309846692807152  -1.028834219170499E2  -1.486900400329255  -1.011436048115909E2  -1.502055694232307E1   1.291145317015939E2  
 2.438596491228070E9    -1.693944463783706E1   1.300263797792981E2  -1.162338969238545  -1.154252613842754E2  -1.335190492121087  -1.144677525133896E2  -1.688003479190244E1   9.849229803080257E1  
 2.443609022556391E9    -1.835915370439871E1   1.103527964492639E2  -1.014911045718300  -1.287277639910876E2  -1.133892285607436  -1.289082715187787E2  -1.989709124844913E1   6.993012906593661E1  
 2.448621553884712E9    -2.024665505870771E1   8.809623891288119E1  -9.143978190413945E-1  -1.418988640945315E2  -1.044807078539958  -1.428707370879552E2  -2.298626249320764E1   3.091330864918683E1  
 2.453634085213033E9    -2.283127864420038E1   5.881417435117140E1  -8.788507641254674E-1  -1.574911198647265E2  -1.037741415524557  -1.582096035852861E2  -2.966217178371481E1  -4.043459199916557E1  
 2.458646616541353E9    -2.734998418813948E1   2.673302149309106E1  -8.917831214490196E-1  -1.717752026817687E2  -1.202629293181895  -1.711740466755837E2  -2.555978788515957E1  -1.205764185309818E2  
 2.463659147869674E9    -3.298524201504014E1  -3.028086070007625E1  -9.641260052171502E-1   1.744651583821949E2  -1.313987075574517   1.754089170734295E2  -2.047774117685986E1  -1.580156488318233E2  
 2.468671679197995E9    -3.021467047731935E1  -1.178851867456794E2  -1.009517262871547   1.618955558811632E2  -1.392121630651557   1.628320429003358E2  -1.769688264099731E1   1.683502505760222E2  
 2.473684210526316E9    -2.710378858736513E1  -1.477702428981374E2  -1.001950330000801   1.477866329970909E2  -1.388335657491685   1.501082906203137E2  -1.679270279933826E1   1.421418502268266E2  
 2.478696741854637E9    -2.454933764893954E1  -1.788980024415143E2  -9.555131909852254E-1   1.336743094654377E2  -1.266656744182155   1.360048077946185E2  -1.728878730569819E1   1.192667382109119E2  
 2.483709273182958E9    -2.600425250185982E1   1.619678950931885E2  -8.897208998053934E-1   1.208890398065723E2  -1.109064979078729   1.227057475480476E2  -1.745799306002147E1   8.892201920337634E1  
 2.488721804511278E9    -2.790734312790724E1   1.283413228628568E2  -8.788385794753315E-1   1.067293296565464E2  -1.040073297415795   1.071116656713821E2  -1.900515628587713E1   5.533530872181901E1  
 2.493734335839599E9    -3.195293251787332E1   8.527718416944228E1  -8.735016994452277E-1   9.267355946918684E1  -1.056189537278387   9.376071960775467E1  -1.987224617116915E1   2.045084567587170E1  
 2.498746867167920E9    -3.045178582691824E1   1.322871261974166E1  -9.134673503686265E-1   7.910029342801778E1  -1.202415858439527   7.911767101782098E1  -2.156091743351543E1  -3.229686082376668E1  
 2.503759398496241E9    -2.956291293414247E1  -3.644480241708430E1  -9.664535476791808E-1   6.502539559821926E1  -1.353296126636837   6.570588721672091E1  -2.102628667851642E1  -7.151402641401150E1  
 2.508771929824561E9    -2.530663075757113E1  -5.726073387380109E1  -1.020274108248405   5.187063048531573E1  -1.402663198470167   5.303005473172969E1  -1.899090477759143E1  -1.140836174374568E2  
 2.513784461152883E9    -2.292509279231288E1  -8.012563251912422E1  -1.025302521367829   4.049583893904181E1  -1.337544641925059   4.209647641691345E1  -1.839535661520329E1  -1.436482754475917E2  
 2.518796992481203E9    -2.055505003826137E1  -1.126442763823673E2  -9.929864536985222E-1   2.491240543662511E1  -1.256059359169662   2.869038530911572E1  -1.858821922167623E1  -1.753707726452804E2  
 2.523809523809524E9    -2.043435665826462E1  -1.303270390661346E2  -9.450581220417038E-1   1.212695613825402E1  -1.163830679498128   1.307534376309342E1  -2.023978441511774E1   1.588827648352985E2  
 2.528822055137845E9    -1.985029818027011E1  -1.557280914586478E2  -8.935185592219094E-1  -1.824372503447075  -1.089208316707806   9.378149818429341E-2  -2.144983197673137E1   1.385975389660327E2  
 2.533834586466166E9    -2.005893068134549E1  -1.735403566894321E2  -8.362108618962048E-1  -1.360290795609538E1  -1.105917817951784  -1.336301489108801E1  -2.538067398210961E1   9.865426286297655E1  
 2.538847117794486E9    -2.052363318730804E1   1.641930993000890E2  -8.471891661060514E-1  -2.938552462315520E1  -1.162997808136490  -2.728476281085406E1  -3.541362488742060E1   1.539303155914932E1  
 2.543859649122807E9    -2.167577946699819E1   1.465794666283183E2  -8.692860442131053E-1  -4.233331368219250E1  -1.255816177402420  -4.062693968658519E1  -2.432806175628180E1  -6.853526984774271E1  
 2.548872180451128E9    -2.292254267527080E1   1.200167276671949E2  -9.015817517308329E-1  -5.768957707241133E1  -1.325859517599036  -5.457796106675339E1  -2.073460440074313E1  -1.084287007043892E2  
 2.553884711779449E9    -2.600966092610191E1   1.053552757458421E2  -9.459546889762536E-1  -7.178808864389382E1  -1.299796588493353  -6.811970292286542E1  -1.786999055978214E1  -1.351981956794672E2  
 2.558897243107770E9    -3.026996881112618E1   7.412246883490441E1  -9.373556347935417E-1  -8.377520017508294E1  -1.227698206782404  -8.034389500474862E1  -1.623880618347895E1  -1.622581286336791E2  
 2.563909774436091E9    -3.067654415585483E1   7.961711177599032E1  -9.374960890078133E-1  -9.696230082680715E1  -1.138102922097628  -9.429353608762847E1  -1.571791475194315E1   1.762672743351867E2  
 2.568922305764411E9    -3.529275325208256E1   9.356095647335869E1  -9.164573035937575E-1  -1.110695283740558E2  -1.118932329271989  -1.091618123672704E2  -1.540568338137487E1   1.490913604479248E2  
 2.573934837092732E9    -2.933219021954341E1   1.229263771669409E2  -9.444028828056720E-1  -1.244080341034202E2  -1.132856882643795  -1.235848935582088E2  -1.578077863050678E1   1.214896320033307E2  
 2.578947368421053E9    -2.947634428069368E1   1.281170233241177E2  -9.495855570994666E-1  -1.372857343424436E2  -1.208728472797721  -1.351933339017788E2  -1.638703615497123E1   9.514085884714804E1  
 2.583959899749373E9    -2.591369626534465E1   1.040780795093605E2  -9.794959058070277E-1  -1.520645367338955E2  -1.315734183873163  -1.493907321318996E2  -1.792534517141510E1   5.789502994081698E1  
 2.588972431077694E9    -2.559424276007491E1   9.572502374295395E1  -1.010559515692231  -1.661276159852774E2  -1.370228953675571  -1.641262597036426E2  -1.889726081999974E1   1.455801402685866E1  
 2.593984962406015E9    -2.477271352595598E1   6.580387342607384E1  -1.055907489041357  -1.774294851705513E2  -1.366465599479921  -1.766131468066599E2  -1.966609239283327E1  -3.096084606560976E1  
 2.598997493734336E9    -2.380153867087494E1   4.856292210695906E1  -1.034291497286726   1.687707592559841E2  -1.307832935500331   1.705293553500076E2  -1.970743398326849E1  -6.878012379260116E1  
 2.604010025062656E9    -2.367303647629916E1   1.502596405071592E1  -9.978863712044550E-1   1.554635643680822E2  -1.239686816969617   1.565170238019349E2  -1.878637717222966E1  -1.036983029615350E2  
 2.609022556390978E9    -2.357306700904590E1  -8.254153012188402  -9.551398089927516E-1   1.409552913255128E2  -1.214229786707710   1.428905254826756E2  -1.888571380731464E1  -1.413604130159760E2  
 2.614035087719298E9    -2.349491356004810E1  -3.415680440831291E1  -9.276177639783337E-1   1.270726765983800E2  -1.215534329041460   1.290061639661403E2  -2.009106071623296E1  -1.743201299071045E2  
 2.619047619047619E9    -2.415235644394298E1  -5.525689383228993E1  -9.051541261938606E-1   1.137921247685510E2  -1.221009296027247   1.149478708109607E2  -2.024177698785590E1   1.522562213142608E2  
 2.624060150375940E9    -2.642746530573245E1  -8.687984300510591E1  -9.045870000475937E-1   9.950693160631815E1  -1.305690970774481   1.000167953814341E2  -2.224233363780516E1   1.081006019472220E2  
 2.629072681704261E9    -2.995648988481511E1  -1.238838089464697E2  -9.172092896846179E-1   8.653125391876158E1  -1.373857280230042   8.816855525365115E1  -2.264390370846252E1   6.200520532987612E1  
 2.634085213032581E9    -2.562588789911580E1  -1.552930613020734E2  -9.583590522331207E-1   7.271841617618732E1  -1.400361799613640   7.518059331996138E1  -2.088463689354000E1   1.652666292965041E1  
 2.639097744360902E9    -2.613803984253038E1   1.649652406360191E2  -9.915045888542555E-1   6.050826648288503E1  -1.382245811310860   6.156743885723995E1  -1.894734450063614E1  -2.708548921800671E1  
 2.644110275689223E9    -2.633081626784957E1   1.542658287426696E2  -9.943625045375245E-1   4.654161438766340E1  -1.363875111042810   4.879597660222234E1  -1.826431902985963E1  -6.429470264543099E1  
 2.649122807017544E9    -2.734133592605667E1   1.293290637903147E2  -9.970305502800477E-1   3.250847090944826E1  -1.370795461903418   3.390009164981962E1  -1.721175583957847E1  -9.750690566589874E1  
 2.654135338345865E9    -2.959245932293381E1   1.307554642254549E2  -9.456001518723262E-1   2.043383056080901E1  -1.381093165508083   2.242467448557311E1  -1.614559248520813E1  -1.238016140784379E2  
 2.659147869674186E9    -3.007520473744537E1   1.227949987389996E2  -9.639263281998320E-1   5.585589352877220  -1.397833844187455   9.454360454555848  -1.586050368086817E1  -1.512384280360278E2  
 2.664160401002506E9    -3.183101447544189E1   1.709630465155125E2  -9.593320062560852E-1  -8.831448427536353  -1.393533004598853  -5.605721350276967  -1.561899617851761E1   1.798638569522998E2  
 2.669172932330827E9    -2.854057677007323E1   1.630217645681333E2  -9.904462305424530E-1  -2.369245435622656E1  -1.395777998693019  -1.826138735031323E1  -1.572576299575803E1   1.548421639626290E2  
 2.674185463659148E9    -2.524981243336785E1   1.525499090098622E2  -1.034306734823577  -3.668685174945010E1  -1.394032997668248  -3.115590504224139E1  -1.716521736580955E1   1.328319759923976E2  
 2.679197994987469E9    -2.217253296605466E1   1.464563807875171E2  -1.063973869895912  -5.019670223285533E1  -1.384312955630929  -4.527896674697487E1  -1.842295700661257E1   1.040039135527147E2  
 2.684210526315789E9    -1.982932053332471E1   1.297419437437169E2  -1.083108346559586  -6.250905524689031E1  -1.336046758351893  -5.877997290879721E1  -2.039681839278220E1   7.352004704305328E1  
 2.689223057644111E9    -1.886069720929899E1   1.166219194262155E2  -1.059410914095115  -7.637618532244403E1  -1.320126955968823  -7.221232844088233E1  -2.280632191703198E1   3.928756179402025E1  
 2.694235588972431E9    -1.909713747494481E1   9.508869321415912E1  -1.042500494211512  -9.075495287424576E1  -1.237300737538523  -8.605759362291515E1  -2.559864944959365E1   6.040508191115926  
 2.699248120300752E9    -1.886461970404093E1   8.031818544060208E1  -9.852934222516503E-1  -1.023760492531277E2  -1.246265600824641  -9.971519658314496E1  -3.156649933966505E1  -4.223716191386512E1  
 2.704260651629073E9    -2.056090065515143E1   5.622454278965724E1  -9.586068184072684E-1  -1.171805688491205E2  -1.206917040963581  -1.111555580263787E2  -3.129783475172831E1  -1.407886734880050E2  
 2.709273182957394E9    -2.156866864850742E1   3.568672147644521E1  -9.522708887308949E-1  -1.311501989324725E2  -1.182614392020894  -1.253384124153190E2  -2.698721005478748E1   1.790563927564085E2  
 2.714285714285714E9    -2.241898433021543E1   1.844222429903498E1  -9.588460178964741E-1  -1.444587068389923E2  -1.177041999840260  -1.388688271857565E2  -2.350561374714950E1   1.335931527550509E2  
 2.719298245614035E9    -2.459009660223779E1  -1.377761122928009E1  -9.913836545657982E-1  -1.577761719765566E2  -1.230155649380771  -1.535184121789144E2  -2.268089731759858E1   1.038279272054278E2  
 2.724310776942356E9    -2.788516540172140E1  -6.028988249560396E1  -1.054542689797757  -1.722075352239252E2  -1.204297846578927  -1.671799849595313E2  -2.220531080159017E1   6.922561761071721E1  
 2.729323308270677E9    -2.662401671711492E1  -1.080948064249818E2  -1.093373313935250   1.729932252534329E2  -1.166755001038768   1.780723571049695E2  -2.101266321200160E1   4.416218815197749E1  
 2.734335839598998E9    -2.597572147183216E1  -1.537191619748314E2  -1.109881824359511   1.593390201263956E2  -1.155861442006975   1.658692767942797E2  -2.171631483251181E1   2.101478021658433E1  
 2.739348370927319E9    -2.479885270629708E1   1.782497378946185E2  -1.121040127907787   1.481510088335817E2  -1.098192417358040   1.527877483006773E2  -2.204440993098359E1  -1.815012027974846E1  
 2.744360902255639E9    -2.496711242395884E1   1.561577082080001E2  -1.117292787785666   1.333306630124098E2  -1.071368335147664   1.400261688344384E2  -2.380730602375791E1  -5.199574621862410E1  
 2.749373433583960E9    -2.331047052554055E1   1.387937286139230E2  -1.114299054828918   1.221065367764781E2  -1.018765857930644   1.304883655758879E2  -2.433912720663960E1  -8.625606250160803E1  
 2.754385964912281E9    -2.910079361874271E1   1.106102185095567E2  -1.101557761854701   1.060448694293843E2  -9.692628188604695E-1   1.137076014817739E2  -2.499308606812112E1  -1.263306254156281E2  
 2.759398496240602E9    -3.058243370577620E1   9.564253305335531E1  -1.130296429441047   9.262809391659856E1  -9.550326593354569E-1   9.755672146127019E1  -2.597122048561699E1  -1.571395244691224E2  
 2.764411027568922E9    -4.650761576473913E1   2.689132582895065E1  -1.172005515263169   7.851379429498002E1  -9.624172483017297E-1   8.506650330084126E1  -2.559625923750667E1   1.686569045218011E2  
 2.769423558897244E9    -2.972696093154316E1  -1.224849826416716E2  -1.217174618348811   6.561174303486006E1  -9.388059110903290E-1   7.119488476666486E1  -2.651105611779728E1   1.415550484368977E2  
 2.774436090225564E9    -2.350591840102597E1  -1.402488910919356E2  -1.252709322642982   5.292429273394204E1  -9.250586412725624E-1   5.727913950924530E1  -2.858371841896839E1   1.353532468094645E2  
 2.779448621553885E9    -2.096223159835400E1  -1.576839589112963E2  -1.267551554180072   3.898188732267763E1  -9.254898292035313E-1   4.245535608158171E1  -2.831997085637199E1   1.202115054078997E2  
 2.784461152882206E9    -1.916452205840243E1  -1.749463436423434E2  -1.266293529782202   2.437547235039908E1  -9.042690558967340E-1   2.940128480292756E1  -2.935204490098453E1   1.372889577118677E2  
 2.789473684210527E9    -1.891930172471690E1   1.689336287039628E2  -1.269795901476978   1.015085775232801E1  -8.671610299944261E-1   1.727245647272641E1  -2.735931086063187E1   1.560611710077127E2  
 2.794486215538847E9    -1.827856637495623E1   1.461060411969218E2  -1.234209658956058  -3.523869503439421  -8.964007479322378E-1   1.783660170785764  -2.487457954078237E1   1.479910901605106E2  
 2.799498746867168E9    -1.820508207630086E1   1.267223253112475E2  -1.266377735914704  -1.615009887543101E1  -9.044410255677200E-1  -1.103827773555127E1  -2.144543834472252E1   1.403597223239548E2  
 2.804511278195489E9    -1.825014827247874E1   1.040466693909758E2  -1.250293438426376  -2.950911195053471E1  -9.375015034384242E-1  -2.427136883548982E1  -1.986250801617749E1   1.225171667882702E2  
 2.809523809523809E9    -1.923328283951600E1   8.583759463725784E1  -1.284310547553824  -4.235983136549003E1  -9.500703569612733E-1  -3.982429663405893E1  -1.986442872969345E1   1.061515355157832E2  
 2.814536340852130E9    -2.166179478447216E1   6.348453788126073E1  -1.309306178197110  -5.615366481037578E1  -9.427900499571916E-1  -5.266815242208335E1  -1.968096420371206E1   8.690536244633640E1  
 2.819548872180451E9    -2.349633181673658E1   2.931089008862166E1  -1.321729004977898  -6.941270609386375E1  -9.121132994958822E-1  -6.457285897093777E1  -2.072734322820841E1   6.656970926696374E1  
 2.824561403508772E9    -2.619195249538424E1  -3.258577394329169E-1  -1.333290803902444  -8.250830163730760E1  -8.605809931285828E-1  -7.904707452692956E1  -2.192333478584483E1   5.125002581131364E1  
 2.829573934837093E9    -2.844182652454233E1  -4.530301170007537E1  -1.321658441418145  -9.732856038241158E1  -8.094955835328787E-1  -9.143851458714893E1  -2.374525141508822E1   3.518195091142518E1  
 2.834586466165414E9    -2.892359072745249E1  -8.959387169625093E1  -1.308562162675316  -1.086632300780113E2  -7.835290274426393E-1  -1.055373897480604E2  -2.832536711987886E1   1.718569309400642E1  
 2.839598997493734E9    -2.700062816677482E1  -1.432237293189128E2  -1.288721825997948  -1.224943048886677E2  -8.063889695936239E-1  -1.213248675824781E2  -3.666286169747826E1  -5.489227987105747E1  
 2.844611528822055E9    -2.983490216841102E1   1.737083522233056E2  -1.259587489168484  -1.373470251461881E2  -8.098270662625817E-1  -1.348634873125606E2  -3.084862252355262E1   1.681623597280551E2  
 2.849624060150376E9    -2.869621859762049E1   1.507431322589031E2  -1.291521971844177  -1.514965395704899E2  -8.062415396267236E-1  -1.465518581497075E2  -2.861219861614496E1   1.633135296380259E2  
 2.854636591478697E9    -2.710718765983012E1   1.144322323281938E2  -1.289376096105219  -1.637115110294664E2  -8.409884859676696E-1  -1.622620106874973E2  -2.510188623983558E1   1.207458449029008E2  
 2.859649122807017E9    -2.743186149001938E1   7.623102734388257E1  -1.304297805141309  -1.766595245827309E2  -8.183402054003802E-1  -1.735826527902599E2  -2.580597230705154E1   1.020293476788597E2  
 2.864661654135338E9    -2.955081007381421E1   3.917878271397822E1  -1.295952385578775   1.687670299899727E2  -8.353012691998402E-1   1.719301643785742E2  -2.831089564333348E1   8.788056630466059E1  
 2.869674185463659E9    -2.768646182095824E1  -1.240155162283463E1  -1.282167607814712   1.557021733412021E2  -8.101641627133907E-1   1.575419969855126E2  -3.360601722406357E1   6.345176618346203E1  
 2.874686716791980E9    -2.595607190577830E1  -5.560665546923707E1  -1.263023963552846   1.421991203348742E2  -8.084270661795445E-1   1.431837478457358E2  -4.470460633624114E1  -1.059439976287959  
 2.879699248120301E9    -2.459002556878092E1  -8.529564099642433E1  -1.276081513683707   1.285374982227085E2  -8.073667461172434E-1   1.292057230526640E2  -3.299529431690866E1  -1.008502049994991E2  
 2.884711779448622E9    -2.357942815258273E1  -1.149933420030010E2  -1.258455244551954   1.152876610653384E2  -8.500941876625164E-1   1.167506868434640E2  -2.854849692720465E1  -1.455908333065323E2  
 2.889724310776942E9    -2.141772709754959E1  -1.456116335955858E2  -1.229253599416663   1.008741825931214E2  -9.194130474516835E-1   1.040287916711767E2  -2.320616511313415E1  -1.672325301996709E2  
 2.894736842105263E9    -2.195652014441216E1  -1.744812058748247E2  -1.236353488631989   8.735174520359004E1  -9.711678222073450E-1   8.876033759842856E1  -2.100906447057789E1   1.730038810328269E2  
 2.899749373433584E9    -2.037150314400399E1   1.668815956804335E2  -1.254371713145196   7.458256314651635E1  -9.788614441438419E-1   7.617015662798512E1  -1.941843641784875E1   1.590133878439123E2  
 2.904761904761905E9    -1.975678586856537E1   1.455764544486457E2  -1.281671754010310   6.057263277388801E1  -9.703334875333993E-1   6.289360367803351E1  -1.961368023968580E1   1.437263373419497E2  
 2.909774436090226E9    -1.966401710248153E1   1.153749322105245E2  -1.280794826682909   4.627829101907484E1  -9.490513619662395E-1   4.834195368589605E1  -1.973130697876798E1   1.269495508343110E2  
 2.914786967418547E9    -2.109640028145199E1   9.383418838106385E1  -1.284466265427090   3.370718344918115E1  -9.212608598956289E-1   3.610074848722277E1  -2.004957506484082E1   1.179586911720808E2  
 2.919799498746867E9    -2.121056033636032E1   7.414713939313934E1  -1.249712295569951   1.966840228553234E1  -8.980295790300241E-1   2.156918718032233E1  -2.092098276690043E1   1.050572508338160E2  
 2.924812030075188E9    -2.368302076299543E1   5.115847194269881E1  -1.229340388032129   8.276455290878854  -8.641422050995447E-1   7.920783705646846  -2.333587283253214E1   9.844142702680632E1  
 2.929824561403509E9    -2.746603732003329E1   2.902143337421594E1  -1.202380554661895  -7.353766961923863  -8.521713210131542E-1  -5.202657338611837  -2.464668074088235E1   8.304936084250473E1  
 2.934837092731830E9    -3.368472304837104E1   2.360896340997853E1  -1.172599942293137  -2.063280639909388E1  -8.597674058320791E-1  -1.963116587168821E1  -2.738694979407913E1   8.124695953442466E1  
 2.939849624060150E9    -3.811800497818958E1   1.022836972186612E2  -1.156852889174149  -3.289414120247076E1  -8.689052874379679E-1  -3.359717415587625E1  -2.769989419266781E1   9.313220310918653E1  
 2.944862155388472E9    -3.394443247838328E1   1.419891611132313E2  -1.165442844309043  -4.759200199855464E1  -8.545207869736949E-1  -4.662570450123373E1  -2.884244354089008E1   7.802159412183123E1  
 2.949874686716792E9    -2.969554083724043E1   1.320701063487839E2  -1.198916384804207  -6.186266222470616E1  -8.729126377416084E-1  -6.003488301263771E1  -3.002029677902858E1   7.540049307927816E1  
 2.954887218045113E9    -2.621255623849192E1   9.958099244030487E1  -1.208281404324812  -7.511983884664647E1  -8.634694494144061E-1  -7.356487267842363E1  -3.573445639810247E1   9.169021633563253E1  
 2.959899749373434E9    -2.470754708010430E1   7.132274324670911E1  -1.233830467582708  -8.864763758631790E1  -8.695050644416189E-1  -8.790639668013560E1  -4.405263794496731E1   8.563062657346639E1  
 2.964912280701755E9    -2.298461395422613E1   5.952487093376736E1  -1.226280415954277  -1.016971323538337E2  -8.906217649422450E-1  -1.018864590725917E2  -3.631215146857441E1  -1.516379032597745E2  
 2.969924812030075E9    -2.587879169751558E1   3.781940730276101E1  -1.182231284570939  -1.157953273700600E2  -9.069857037363948E-1  -1.148005461805724E2  -3.524290687478317E1  -1.706081515690798E2  
 2.974937343358396E9    -2.546214972870480E1   4.245971650121518  -1.142771464584695  -1.280025577563026E2  -8.686740635760034E-1  -1.280988699389215E2  -3.213883973014974E1   1.723659120699790E2  
 2.979949874686717E9    -2.607833845356445E1  -2.332367057264488E1  -1.137820230257192  -1.433758226541766E2  -8.954163415511842E-1  -1.423175318237007E2  -2.888915459577628E1   1.772375702192165E2  
 2.984962406015038E9    -2.783808982959375E1  -5.696566145890746E1  -1.132547118981841  -1.565799093063876E2  -8.790054822456745E-1  -1.560901660506025E2  -2.873493847368879E1   1.630021361496966E2  
 2.989974937343359E9    -2.793485497003026E1  -1.170595455944235E2  -1.134991736753081  -1.696727601928869E2  -8.661029988396195E-1  -1.684092275661247E2  -2.981238268403886E1   1.365648642737784E2  
 2.994987468671680E9    -2.531305940940793E1  -1.516036550076069E2  -1.159717815933970   1.766336691069015E2  -8.902861464230865E-1   1.772585678097514E2  -3.734595669287071E1   1.384076012300415E2  
 3.000000000000000E9    -2.465180951066342E1  -1.773944827912042E2  -1.213186863057284   1.631188237829767E2  -8.767539074081405E-1   1.630586152253817E2  -3.651430416727690E1  -1.787309169028323E2  