#  HZ   S   DB   R     50.0000 
! Rohde & Schwarz ZVA/B 
! 
! 
! 

 1.000000000000000E9    -2.399128640150581E1   1.149003121097246E2  -5.871744652711838E-1  -1.468911648170716E2  -5.036369924768752E-1  -1.456414019462201E2  -5.000603273383862E1  -8.499692885508134E1  
 1.005012531328321E9    -2.132434179611651E1   7.620602656755601E1  -6.798654434781767E-1  -1.585130488245509E2  -5.385928754305271E-1  -1.547927463291773E2  -3.218274513138719E1   1.070930090145986E2  
 1.010025062656642E9    -2.102849752362336E1   2.831885278629211E1  -6.595075645691766E-1  -1.727365630663105E2  -5.607534611322735E-1  -1.713380351467467E2  -3.694029077430416E1   4.072995695253407E1  
 1.015037593984963E9    -1.980911286958260E1   6.001455197802339  -5.846031271686318E-1   1.739499104732004E2  -5.353223957930927E-1   1.746306480493793E2  -3.764410180232515E1   4.972335078153714E1  
 1.020050125313283E9    -2.042067464169621E1  -2.720382464907981E1  -5.042687984217816E-1   1.611519684693807E2  -4.999570227352169E-1   1.618746967084686E2  -3.160767516574138E1   2.665374054339494  
 1.025062656641604E9    -1.913443733601548E1  -6.822185803102470E1  -4.311572395601678E-1   1.474373209098384E2  -4.864285058800125E-1   1.493466491468823E2  -2.995371393198781E1  -5.894177115155189E1  
 1.030075187969925E9    -1.936578709794973E1  -1.006002276896166E2  -4.521760915296296E-1   1.333462163165777E2  -5.034056744034791E-1   1.342860764293620E2  -2.703490836259607E1  -8.049224223395170E1  
 1.035087719298246E9    -1.738284128244162E1  -1.337317757425951E2  -5.394788653765947E-1   1.188093528619574E2  -5.363074363711737E-1   1.205048660287929E2  -2.732975520192109E1  -1.261403193718295E2  
 1.040100250626566E9    -1.654714748536696E1  -1.640560563232103E2  -6.261587997563003E-1   1.050887906100080E2  -5.761204746991787E-1   1.080598739616223E2  -2.734158190464536E1  -1.457443648021060E2  
 1.045112781954887E9    -1.768691801440479E1   1.550457798063485E2  -7.376885887941120E-1   9.336760628913766E1  -5.920038158786559E-1   9.535164330374091E1  -2.463019177522144E1  -1.560435741634920E2  
 1.050125313283208E9    -1.704876642070257E1   1.315178139206331E2  -7.518538320873176E-1   8.028339541264518E1  -6.236143212757036E-1   8.132663992021877E1  -2.411740555962807E1  -1.776344586001340E2  
 1.055137844611529E9    -1.673291832863986E1   1.026337932910208E2  -6.991255368530365E-1   6.928788244442464E1  -6.012756182480515E-1   6.867999172054911E1  -2.394353654477620E1   1.372786668327609E2  
 1.060150375939850E9    -1.708938372145538E1   7.576970855187305E1  -5.845159518996049E-1   5.637133925917292E1  -5.735191209623201E-1   5.487446874249637E1  -2.500211969350264E1   1.083521365431675E2  
 1.065162907268171E9    -1.766901607659150E1   3.586905971494739E1  -4.252348546679647E-1   4.224237316928586E1  -5.217222816008524E-1   4.243826936093196E1  -2.713146035799991E1   9.560426433119490E1  
 1.070175438596491E9    -1.870568765295025E1   2.494408714647440  -3.769207879566388E-1   2.829418285663151E1  -4.788231760496952E-1   2.892811331761174E1  -2.481307061960884E1   8.038981030810520E1  
 1.075187969924812E9    -1.998669769475237E1  -3.966294065558130E1  -4.168913674097025E-1   1.463300915748281E1  -4.213510446843231E-1   1.541658920807535E1  -2.446201467325721E1   3.098800115121246E1  
 1.080200501253133E9    -1.996014465402903E1  -7.717388778206659E1  -4.830641905072120E-1  -4.337767367817915E-1  -4.396875364679548E-1   1.437539340284147  -2.598420731519122E1  -5.954705460692034  
 1.085213032581454E9    -1.934520776605133E1  -1.119565207792384E2  -6.093777667036681E-1  -1.467071441357704E1  -5.163981111680677E-1  -1.237924491680057E1  -2.859254710261931E1  -5.290036867860299E1  
 1.090225563909775E9    -1.903971399185932E1  -1.503143244348624E2  -6.747765156038817E-1  -2.634695558811547E1  -5.363092097831699E-1  -2.616503255387538E1  -2.430016190915931E1  -1.090837342030285E2  
 1.095238095238095E9    -1.830104725046402E1   1.697943055212949E2  -6.765867853043248E-1  -3.976079134713929E1  -5.561482778071603E-1  -3.839772693348233E1  -2.320773838148452E1  -1.411895753842384E2  
 1.100250626566416E9    -1.758969731752015E1   1.412764174057258E2  -5.917580233278991E-1  -5.273318746188772E1  -5.847601532685922E-1  -5.292390325644776E1  -2.461917408757506E1  -1.693422398497795E2  
 1.105263157894737E9    -1.926468245132667E1   1.192001515978342E2  -4.665839104959396E-1  -6.560657743910717E1  -5.210145526641832E-1  -6.700224176350923E1  -2.162383023871339E1   1.658218305510320E2  
 1.110275689223058E9    -1.933580840778245E1   8.045489978608211E1  -3.539784388489140E-1  -7.921806596826885E1  -4.537121271726005E-1  -7.857258232516679E1  -2.358050265952221E1   1.111903292822177E2  
 1.115288220551379E9    -2.108300263498206E1   4.014672368979064E1  -3.769718976137608E-1  -9.399651125911109E1  -4.245861491800455E-1  -9.260035689900309E1  -2.506218123891059E1   8.974828484289493E1  
 1.120300751879699E9    -2.003506951058743E1  -1.014157696884823E1  -4.808223270277489E-1  -1.081705700656642E2  -4.017718873007307E-1  -1.050938972474832E2  -2.511500181672448E1   4.553415805954799E1  
 1.125313283208020E9    -1.786414978793130E1  -4.934771759224564E1  -5.975375616849049E-1  -1.205683158078857E2  -4.399343712580395E-1  -1.203870931571264E2  -2.613437297051056E1   5.880354504025084E-1  
 1.130325814536341E9    -1.727977309562152E1  -7.783770675445776E1  -7.230362088510955E-1  -1.346370685867968E2  -5.422427526608965E-1  -1.330907565912464E2  -2.299037299448239E1  -4.111091645870804E1  
 1.135338345864662E9    -1.699897720734537E1  -1.122581824385175E2  -7.534591714354453E-1  -1.476593211744082E2  -6.509819135402920E-1  -1.459068458673990E2  -2.079132757012665E1  -8.472795000792645E1  
 1.140350877192982E9    -1.595242404684277E1  -1.353642070055695E2  -7.064966412799646E-1  -1.598507181296144E2  -6.754928206940859E-1  -1.606498656245232E2  -1.890241912158725E1  -1.156108086706485E2  
 1.145363408521303E9    -1.728232873946388E1  -1.597256991965128E2  -5.959382727857182E-1  -1.729218032677537E2  -6.370907229940624E-1  -1.718400029876284E2  -1.818548328694461E1  -1.301637161298488E2  
 1.150375939849624E9    -1.736787021516070E1   1.651128577442262E2  -4.657363812026681E-1   1.734099588220276E2  -5.396911411826055E-1   1.742141757423674E2  -1.847676526107986E1  -1.603864750750727E2  
 1.155388471177945E9    -1.914777296182862E1   1.380839869223254E2  -3.782959819507032E-1   1.600268508459550E2  -4.302107975549620E-1   1.612845039449722E2  -1.861843969884509E1   1.676599005592534E2  
 1.160401002506266E9    -1.980055220242426E1   1.091693179435733E2  -3.886071429343890E-1   1.456710252187911E2  -3.799352984737727E-1   1.473620196674195E2  -1.984126660748779E1   1.364505702857151E2  
 1.165413533834586E9    -2.099320795774456E1   5.106256324871674E1  -4.476255530804206E-1   1.317951286124979E2  -4.570657653940592E-1   1.333024471708388E2  -1.972941301468176E1   9.860610939933861E1  
 1.170426065162907E9    -2.168634551761526E1   1.197611001232032  -5.639591951866132E-1   1.185891756857515E2  -5.203293920193661E-1   1.204865164307081E2  -2.177899103889539E1   5.664381917566394E1  
 1.175438596491228E9    -1.982800513545351E1  -3.315993101949974E1  -6.281756947428409E-1   1.048828089209284E2  -6.146095667133269E-1   1.069375364151437E2  -2.216571247492640E1   1.731300387618736E1  
 1.180451127819549E9    -1.791383875526793E1  -7.928850834233651E1  -6.161983520777135E-1   9.270721454480950E1  -6.676493193642095E-1   9.337835983535172E1  -2.135915572608496E1  -3.386567114532211E1  
 1.185463659147870E9    -1.691385077082748E1  -1.000894721248687E2  -5.525840261230944E-1   8.178930561523815E1  -6.453055415974752E-1   7.990778306517957E1  -1.976750544600720E1  -6.750939398474594E1  
 1.190476190476191E9    -1.684821276005107E1  -1.217176656721045E2  -4.565692852402074E-1   6.720246855453338E1  -5.921035309223321E-1   6.745551444027237E1  -1.822726590730084E1  -1.103208433876259E2  
 1.195488721804511E9    -1.712124321094431E1  -1.570375195587048E2  -3.897134309863569E-1   5.437266077980123E1  -5.006797869802969E-1   5.387522599241484E1  -1.817968175753387E1  -1.226921077717041E2  
 1.200501253132832E9    -1.770318050802578E1   1.716226393227669E2  -3.933136363429972E-1   3.999508255083018E1  -4.338540240416847E-1   3.933731393008110E1  -1.805367317309148E1  -1.630522480022698E2  
 1.205513784461153E9    -1.875770470421399E1   1.432573581642524E2  -4.437050865793720E-1   2.538407135047574E1  -4.289492794180956E-1   2.619694755671823E1  -1.925866455000124E1   1.612446060383562E2  
 1.210526315789474E9    -2.042659404613625E1   1.044794224897003E2  -5.212245356129691E-1   1.169518463993037E1  -4.738075803723640E-1   1.132100098482875E1  -2.140687546347305E1   1.349705615305045E2  
 1.215538847117795E9    -2.041821102641247E1   6.260580166964330E1  -6.031873671940662E-1  -1.354031025525767  -5.484831614304681E-1   1.809100271542977E-1  -2.191817291135556E1   8.211861214305716E1  
 1.220551378446115E9    -1.937768990203747E1   2.524787452501325E1  -5.901560682373680E-1  -1.447970884409162E1  -6.350084734562596E-1  -1.336654182039222E1  -2.263118845505800E1   2.761189246576315E1  
 1.225563909774436E9    -1.901103767671727E1  -2.379352735115838E1  -5.497591515164376E-1  -2.702809759039578E1  -6.526255017177419E-1  -2.675248650660990E1  -1.983055739034420E1  -5.993241189979456  
 1.230576441102757E9    -1.723750411838415E1  -5.158281643339518E1  -4.657421901453162E-1  -4.066969858660946E1  -6.030646898572688E-1  -4.007138361771757E1  -1.901767566315709E1  -4.553217752395605E1  
 1.235588972431078E9    -1.708106988103675E1  -8.263201538074537E1  -4.191848855935128E-1  -5.430579228808649E1  -5.620892378888999E-1  -5.415547186512159E1  -1.877006256943930E1  -7.823998553807890E1  
 1.240601503759399E9    -1.923873974595770E1  -1.104773736043581E2  -4.060944256230995E-1  -6.789625791318153E1  -4.775735333392679E-1  -6.653548168133523E1  -1.723340334569435E1  -1.061087424628690E2  
 1.245614035087719E9    -1.863660084870723E1  -1.361611561265851E2  -4.257679910582854E-1  -8.168460608094264E1  -4.905897684856765E-1  -8.190561292199176E1  -1.812072211454992E1  -1.400697091340962E2  
 1.250626566416040E9    -1.864324387588267E1   1.769786425367564E2  -5.056301882554234E-1  -9.365777412211341E1  -4.877052275150188E-1  -9.511344554464132E1  -1.883744862692548E1  -1.600133481373670E2  
 1.255639097744361E9    -2.116627414314205E1   1.511922718498102E2  -5.471957401846692E-1  -1.097163041748838E2  -5.745402335614911E-1  -1.083804487705481E2  -2.087382490121057E1   1.549590467191958E2  
 1.260651629072682E9    -2.017061369220084E1   1.072555714488734E2  -5.751350701669549E-1  -1.211960003534973E2  -6.222787545193247E-1  -1.221147210733551E2  -2.045459670444190E1   1.101262582780120E2  
 1.265664160401002E9    -1.955341171223224E1   6.322320789656963E1  -5.593528854694631E-1  -1.339020891859656E2  -6.578039918252648E-1  -1.335058637560312E2  -2.061309463746282E1   6.523687601625947E1  
 1.270676691729323E9    -2.070676941746081E1   3.085912779193334E1  -4.971312914726326E-1  -1.495065472224960E2  -6.162304740107456E-1  -1.479712427934711E2  -2.058958231052317E1   1.809082660727573E1  
 1.275689223057644E9    -1.890587000104213E1  -1.492348340010383E1  -4.577684065139946E-1  -1.632839390306773E2  -5.461313097134014E-1  -1.610330918988728E2  -1.894369457164831E1  -2.445411912156426E1  
 1.280701754385965E9    -1.702094877903821E1  -3.760127983453153E1  -4.405912268014289E-1  -1.758045516433539E2  -5.128035987075926E-1  -1.753474559836751E2  -1.827310688403550E1  -6.212381292441834E1  
 1.285714285714286E9    -1.697897715860908E1  -6.851605302491177E1  -4.879022824893514E-1   1.711680238266811E2  -5.229135583020925E-1   1.716591082301820E2  -1.836879276074599E1  -8.344326663941487E1  
 1.290726817042607E9    -1.767169670879450E1  -1.139620566609752E2  -5.098761281471302E-1   1.583245782407902E2  -5.645422553599711E-1   1.587696936499892E2  -1.754979464891245E1  -1.176449730974106E2  
 1.295739348370927E9    -1.803275498189397E1  -1.463900877997041E2  -5.271693830031351E-1   1.450658557044762E2  -5.870428881718813E-1   1.434593774492293E2  -1.722237849461936E1  -1.588039004387504E2  
 1.300751879699248E9    -1.863053983966618E1  -1.779271523950175E2  -5.563784073546224E-1   1.314789279507782E2  -6.400082365871679E-1   1.304127960912822E2  -1.839111099435958E1   1.736787192678988E2  
 1.305764411027569E9    -1.812011846762195E1   1.426120969739741E2  -5.744668415416402E-1   1.170620085466192E2  -6.892201139597212E-1   1.185379975996196E2  -1.893305526621757E1   1.249682688826628E2  
 1.310776942355890E9    -1.918126753079027E1   1.147379606768963E2  -5.503835244213948E-1   1.049671851859614E2  -6.626994385090713E-1   1.049127809682999E2  -1.801625354358224E1   8.981739705115885E1  
 1.315789473684211E9    -1.974082673245564E1   7.201101435218975E1  -5.371411400312705E-1   9.104900990058393E1  -6.550849669721002E-1   9.255443998912332E1  -1.815848251621737E1   4.663003649751584E1  
 1.320802005012531E9    -1.767252991362086E1   4.065297281501978E1  -5.329799225652314E-1   7.737349049546961E1  -6.423253061481619E-1   7.791577791280085E1  -1.658428212745992E1   5.779554924258844  
 1.325814536340852E9    -1.897459424709653E1   5.768786531815747  -5.309531083839427E-1   6.432720594705464E1  -6.614747155931150E-1   6.491753587320676E1  -1.606202316904885E1  -2.396130060779757E1  
 1.330827067669173E9    -1.988825759931342E1  -2.074986898662680E1  -5.317512330954072E-1   5.248149884014297E1  -6.537878484980704E-1   5.162514045710125E1  -1.552118882326143E1  -6.007608883843984E1  
 1.335839598997494E9    -1.971223881832933E1  -6.623564856019863E1  -5.265567893382683E-1   3.766080425228758E1  -6.946436798031138E-1   3.816019364603744E1  -1.623122901107320E1  -9.220612166814333E1  
 1.340852130325815E9    -2.009307250292597E1  -9.622011534193666E1  -5.224233804020598E-1   2.264494088310838E1  -7.168522493203196E-1   2.414583277404519E1  -1.660774236501395E1  -1.361078590581395E2  
 1.345864661654135E9    -1.961363431484402E1  -1.394105560810855E2  -5.613307391294454E-1   1.078076242868571E1  -7.005216001278822E-1   1.145039624996124E1  -1.653736683672745E1  -1.615396072518039E2  
 1.350877192982456E9    -1.947180732065941E1  -1.640934612582045E2  -5.824294621243329E-1  -1.381763501879949  -7.058348687552325E-1  -2.211439924189859  -1.745412092386953E1   1.507738744759261E2  
 1.355889724310777E9    -1.862520144455029E1   1.574016838520581E2  -6.184618908176576E-1  -1.750072530735235E1  -7.159059124008466E-1  -1.434937605785015E1  -1.661903593981620E1   1.079449362718356E2  
 1.360902255639098E9    -1.766217580341642E1   1.276363408094560E2  -6.187046119184320E-1  -2.934100106934568E1  -7.640144320986266E-1  -2.908599006377576E1  -1.631659923511762E1   7.263370042400683E1  
 1.365914786967419E9    -1.875375149225033E1   9.024825370401896E1  -6.402074470348494E-1  -4.237148618981462E1  -7.926463996961197E-1  -4.071292317988623E1  -1.657822328675189E1   3.627189984968699E1  
 1.370927318295739E9    -1.884404565209928E1   6.010080054238716E1  -6.490699898879476E-1  -5.582608997212689E1  -8.240372754204458E-1  -5.481403193141864E1  -1.560027645525391E1   8.662704467291329  
 1.375939849624060E9    -1.904286827699722E1   2.478274836422271E1  -5.986747581408241E-1  -6.860944581387160E1  -7.907605341799934E-1  -6.889277356200931E1  -1.494334621442364E1  -2.640750420873779E1  
 1.380952380952381E9    -1.922423455156303E1  -1.660040872425866E1  -5.789461099387449E-1  -8.374330008193904E1  -7.602164343021345E-1  -8.170444939823433E1  -1.553893710619922E1  -5.958933706832688E1  
 1.385964912280702E9    -1.993578353962668E1  -5.572785271451235E1  -5.848193466873525E-1  -9.754834727028339E1  -7.557353427022252E-1  -9.430086415061882E1  -1.577766257817319E1  -9.384731124440665E1  
 1.390977443609023E9    -1.873494506590807E1  -1.042220338283985E2  -6.026344246785833E-1  -1.096599244754166E2  -7.712719624872692E-1  -1.082018779053916E2  -1.608855352862106E1  -1.361742475404997E2  
 1.395989974937343E9    -1.744863049223364E1  -1.347253862949887E2  -6.598504027678287E-1  -1.237264450511344E2  -7.983983136688775E-1  -1.213845461741696E2  -1.566200850248231E1  -1.729064061255433E2  
 1.401002506265664E9    -1.732893081478293E1  -1.572106682773775E2  -7.296211536604306E-1  -1.376871553498777E2  -8.558060904010130E-1  -1.354917795116246E2  -1.523701921080675E1   1.525533227156262E2  
 1.406015037593985E9    -1.678499271627215E1   1.717287691747097E2  -7.813465745545211E-1  -1.493081837886913E2  -9.107552516937902E-1  -1.484024504191258E2  -1.482283924571273E1   1.131369014831575E2  
 1.411027568922306E9    -1.655976922479766E1   1.386279809145514E2  -8.097805025414314E-1  -1.638040776173280E2  -9.452730875392738E-1  -1.629221863812828E2  -1.473117991744695E1   7.375452806963259E1  
 1.416040100250627E9    -1.773270897258018E1   1.175945513503435E2  -7.751522507791666E-1  -1.768014774317890E2  -9.644159742610675E-1  -1.742071288402593E2  -1.457093945961402E1   4.276200307751288E1  
 1.421052631578947E9    -1.899462866560536E1   8.749412269313972E1  -7.401406857872345E-1   1.709229865869108E2  -9.451664573771196E-1   1.706897003175108E2  -1.521016415269347E1   5.846329867470445  
 1.426065162907268E9    -2.032720930082422E1   4.560751610239379E1  -6.805282412117215E-1   1.574702730442785E2  -8.955173853399229E-1   1.572168664097007E2  -1.516757944960308E1  -2.589533767258787E1  
 1.431077694235589E9    -2.220610862015113E1   9.194069278588044  -6.750523492457964E-1   1.431303028469636E2  -8.520788668444437E-1   1.446604113945230E2  -1.523377970165513E1  -6.317557771972832E1  
 1.436090225563910E9    -2.202252016304847E1  -4.848421201443911E1  -6.734797690906550E-1   1.297193332253030E2  -8.649606774937357E-1   1.324214493863321E2  -1.651979439886478E1  -1.009080694997092E2  
 1.441102756892231E9    -2.186580451205201E1  -9.439448319370597E1  -7.511002142126398E-1   1.155446331612436E2  -8.954215898000963E-1   1.169778242344713E2  -1.673409471826650E1  -1.390069987375828E2  
 1.446115288220552E9    -1.794641622458876E1  -1.316093062741783E2  -8.261953726957059E-1   1.031615847693517E2  -9.504116270406854E-1   1.037751744972099E2  -1.556183006929443E1  -1.757666126704030E2  
 1.451127819548872E9    -1.756848295072683E1  -1.570220317974259E2  -8.770986570048166E-1   8.777239687244955E1  -1.001673592843617   9.038692553996981E1  -1.548202168953851E1   1.460568203167492E2  
 1.456140350877193E9    -1.647976588494093E1   1.787265349481233E2  -9.071094943017786E-1   7.663951123120071E1  -1.017444979458455   7.878454711902069E1  -1.566467909041689E1   1.160709498548616E2  
 1.461152882205514E9    -1.743692430898466E1   1.519221635646887E2  -8.703664902586596E-1   6.435327777956870E1  -9.900514964028779E-1   6.551353381191190E1  -1.462243597186109E1   7.702563114795835E1  
 1.466165413533835E9    -1.816194919282883E1   1.243957424433120E2  -8.291161419740436E-1   5.081225125633333E1  -9.640666232851581E-1   5.224141763372241E1  -1.571112499939052E1   4.703246193464034E1  
 1.471177944862155E9    -1.914033756082620E1   9.632035948558523E1  -7.842346410289540E-1   3.700892517008968E1  -9.145733808007548E-1   3.855004225172896E1  -1.675993284308522E1   8.339776478834198  
 1.476190476190476E9    -2.145264590230870E1   5.336311873481774E1  -7.703897702405747E-1   2.273991212081258E1  -9.165006874278456E-1   2.460834503018051E1  -1.718109027838089E1  -2.878678191861887E1  
 1.481203007518797E9    -2.276683305296803E1   1.531428762608731E1  -8.112747677860160E-1   8.351945311766004  -8.792534330942543E-1   1.090038160009936E1  -1.701476879050973E1  -7.437537358273914E1  
 1.486215538847118E9    -2.173038941337543E1  -3.583375318514596E1  -8.620305905797090E-1  -5.272555349704089  -9.395850462870783E-1  -9.535191695589481E-1  -1.694272390291809E1  -1.130908079459741E2  
 1.491228070175439E9    -1.978326463256100E1  -7.832467539770013E1  -9.165404766047666E-1  -1.757242849585161E1  -1.026947638713806  -1.460551049968983E1  -1.600385075237099E1  -1.472062999287777E2  
 1.496240601503759E9    -1.755186489393432E1  -1.072132267250198E2  -9.634790067108399E-1  -3.027189481107838E1  -1.097707780501805  -2.754317342685102E1  -1.532092807904297E1   1.747487717404272E2  
 1.501253132832080E9    -1.733954221906354E1  -1.339186552910555E2  -9.925032796598182E-1  -4.337372630037714E1  -1.143672905888017  -4.281581815228082E1  -1.552854728252565E1   1.367898836717120E2  
 1.506265664160401E9    -1.699520516844273E1  -1.529647419859979E2  -1.002406435707834  -5.630658472859808E1  -1.130852544468444  -5.314600835281334E1  -1.578794786406044E1   1.106722199383877E2  
 1.511278195488722E9    -1.759067779172407E1  -1.751590236997632E2  -9.627688459219260E-1  -6.916610637022117E1  -1.095792858818554  -6.791308340795327E1  -1.615815372094002E1   7.200334214034322E1  
 1.516290726817043E9    -1.832395300227186E1   1.530931533788771E2  -9.540518774783148E-1  -8.338156905031413E1  -1.030969223026239  -8.102459552654172E1  -1.756299631377141E1   3.828977335691555E1  
 1.521303258145363E9    -2.075895941313148E1   1.161428913034291E2  -9.154976454664876E-1  -9.610574454481090E1  -9.758332329816506E-1  -9.474346420339998E1  -1.741305390392471E1  -2.176767909630816  
 1.526315789473684E9    -2.307410490417182E1   8.443792735696279E1  -9.158786608072074E-1  -1.113968507175104E2  -9.839436793894621E-1  -1.081858688363596E2  -1.871888269072275E1  -4.755765486259346E1  
 1.531328320802005E9    -2.394930820323014E1   2.632511566168985E1  -9.510127326013261E-1  -1.223592069029361E2  -9.902605621928511E-1  -1.207340824575688E2  -1.856074456483378E1  -9.150099959440948E1  
 1.536340852130326E9    -2.176531276240356E1  -2.629056696459050E1  -1.035692780077981  -1.357851289941616E2  -1.074048603460434  -1.367713998144115E2  -1.681005029035932E1  -1.323194075941727E2  
 1.541353383458647E9    -1.865458901635560E1  -6.468439259991712E1  -1.074977615650115  -1.500855167651811E2  -1.156057487833702  -1.493613322583690E2  -1.629160915093650E1  -1.649576169487402E2  
 1.546365914786967E9    -1.791243510687204E1  -8.602359232715813E1  -1.104118674005070  -1.634391384890033E2  -1.187553469496055  -1.624532827218048E2  -1.569230236530492E1   1.715839360462041E2  
 1.551378446115288E9    -1.776754482675761E1  -1.148291758593220E2  -1.124427184214580  -1.738873623923514E2  -1.153540629445086  -1.704630100092474E2  -1.555584761739544E1   1.342213492090817E2  
 1.556390977443609E9    -1.774949562068369E1  -1.444773029140580E2  -1.085796088658484   1.711069816794157E2  -1.107522529087785   1.761947077710845E2  -1.713853426147919E1   1.055932733745826E2  
 1.561403508771930E9    -1.787897345116630E1  -1.664014129542378E2  -1.021624663726259   1.577409292824868E2  -1.006903645410093   1.612969455478319E2  -1.950921603625038E1   6.481510312614938E1  
 1.566416040100251E9    -1.913323334597897E1   1.622931572972141E2  -9.726372009102413E-1   1.439450141107159E2  -9.198796109189206E-1   1.460785899395146E2  -1.974393730902028E1   1.472713651060527E1  
 1.571428571428572E9    -1.985358633961526E1   1.271731433397730E2  -9.751130255607744E-1   1.306735223325078E2  -9.121453003959809E-1   1.308767656594295E2  -1.967477077555679E1  -3.666741540265657E1  
 1.576441102756892E9    -2.096560572686667E1   8.938669102134017E1  -9.739560957951379E-1   1.156358791891866E2  -9.979102560277786E-1   1.171646108563609E2  -1.823928553937869E1  -8.487096392529608E1  
 1.581453634085213E9    -2.214961903192903E1   4.910727741357565E1  -1.037051310366449   1.026856517718204E2  -1.145873099318427   1.047420820706843E2  -1.627616782579464E1  -1.145977523822190E2  
 1.586466165413534E9    -2.100357351336578E1   1.713650360653982E1  -1.098435271495612   8.992198996006322E1  -1.254995382754576   9.203943349795350E1  -1.527818356170131E1  -1.498808558512354E2  
 1.591478696741855E9    -2.164258202505728E1  -2.989885079642390E1  -1.130190120044675   7.661515669976458E1  -1.292659991027709   7.928662600812697E1  -1.488438182509113E1   1.762793757114366E2  
 1.596491228070175E9    -2.154411729916906E1  -5.139094056948115E1  -1.113571572216320   6.510973528775767E1  -1.249600521174819   6.826339013236523E1  -1.416408497200428E1   1.493855901080802E2  
 1.601503759398496E9    -2.034152193729015E1  -9.292012065035560E1  -1.072886720104298   5.083889751295706E1  -1.071379923565003   5.285861820862660E1  -1.516373139895947E1   1.198890462340506E2  
 1.606516290726817E9    -2.252819979364527E1  -1.252774577068810E2  -1.012266338420989   3.816645609755695E1  -9.027573444077104E-1   4.109448242595983E1  -1.649097884765605E1   8.641942496449104E1  
 1.611528822055138E9    -2.145848084989069E1  -1.550235980395254E2  -9.564664370602565E-1   2.372050208409427E1  -8.165262276504613E-1   2.795689031131193E1  -1.822209423868452E1   4.225878649772485E1  
 1.616541353383459E9    -2.431160425786680E1   1.487968253549722E2  -9.868838915341662E-1   9.912220062032583  -7.961309362493725E-1   1.340843007467579E1  -1.746914736305475E1  -4.507963567015639E-1  
 1.621553884711780E9    -2.268001026109889E1   1.228993377172948E2  -1.035755140473608  -2.847532378878869  -9.421637365784951E-1  -2.392154049701604  -1.772118032833425E1  -3.923274550223206E1  
 1.626566416040100E9    -2.204401147062051E1   7.984079339892101E1  -1.126552688141846  -1.675266492967273E1  -1.136590592245764  -1.575107624436323E1  -1.633700599017755E1  -7.974648093348634E1  
 1.631578947368421E9    -2.084289113241986E1   4.108567495491744E1  -1.166768594255937  -2.826649793292720E1  -1.284727985532010  -2.621606647434835E1  -1.508904950947354E1  -1.049391315829245E2  
 1.636591478696742E9    -1.994383327591268E1   1.222285568383563E1  -1.150602229849419  -4.296265875844396E1  -1.280669874506452  -4.010878985449258E1  -1.442094523300438E1  -1.479216190450739E2  
 1.641604010025063E9    -2.025108637276977E1  -9.752521703670013  -1.093194219703401  -5.336090424404642E1  -1.150497236824656  -5.264730481190764E1  -1.511693450811950E1  -1.751666428344003E2  
 1.646616541353384E9    -2.023203141867237E1  -4.574306849482367E1  -1.003296702218807  -6.706804401549161E1  -9.517999456969070E-1  -6.630822140360017E1  -1.622714729948681E1   1.601457171617421E2  
 1.651629072681704E9    -2.161636398325146E1  -8.145044045325918E1  -8.981338039283753E-1  -8.115947616480955E1  -7.844942344108942E-1  -8.044155671543297E1  -1.723303266935192E1   1.200651770456087E2  
 1.656641604010025E9    -2.080520836108980E1  -1.169149137421922E2  -8.724129471703563E-1  -9.534956196822034E1  -7.217629208464392E-1  -9.385051294158238E1  -1.929685123561402E1   7.418440220779371E1  
 1.661654135338346E9    -2.141800311915178E1  -1.544610269857066E2  -9.205433229503057E-1  -1.097243676384119E2  -8.441949187504849E-1  -1.091677352414119E2  -1.856557777791368E1   2.762984381355708E1  
 1.666666666666667E9    -2.008491723786514E1   1.734375419271113E2  -1.015094434708043  -1.230872245740252E2  -1.064088836528796  -1.217131231256080E2  -1.768358693784099E1  -1.686308898606344E1  
 1.671679197994988E9    -2.114878377098339E1   1.345012446374871E2  -1.097298954212778  -1.365592170703826E2  -1.270880759513180  -1.354888175690120E2  -1.524894815273170E1  -5.495117007818242E1  
 1.676691729323309E9    -2.041376193872801E1   1.181990386677186E2  -1.149991080180862  -1.496766539285616E2  -1.358243836132467  -1.476707332574801E2  -1.457415852914471E1  -8.999527656622682E1  
 1.681704260651629E9    -2.038747197560736E1   8.141304678090184E1  -1.130790065069067  -1.623929018371333E2  -1.272121970473131  -1.579666305298258E2  -1.434228526434363E1  -1.108419384926669E2  
 1.686716791979950E9    -2.194368220795208E1   5.562161148050973E1  -1.058501413190796  -1.756788699961203E2  -1.037234223808491  -1.708044231955242E2  -1.363660686692680E1  -1.473491014228988E2  
 1.691729323308271E9    -2.445664331917974E1   3.833429201192649E1  -9.443836850567230E-1   1.717820330323214E2  -7.668000778355687E-1   1.767849145552118E2  -1.449416435966383E1  -1.699719930669220E2  
 1.696741854636591E9    -2.933935679059658E1  -1.529177686997794E1  -8.590857933392424E-1   1.581367216863700E2  -6.115919276604573E-1   1.600335274530117E2  -1.473793229319505E1   1.558873078778207E2  
 1.701754385964912E9    -3.291153646317083E1  -7.046455791121981E1  -8.664502126986834E-1   1.443036859773397E2  -6.048856866906975E-1   1.452361282910903E2  -1.636310997557954E1   1.195413928080381E2  
 1.706766917293233E9    -2.677686198152263E1  -1.530515556940650E2  -9.613061005211581E-1   1.299012624223699E2  -7.569654284555649E-1   1.321743647689020E2  -1.760901458401294E1   8.301901839960584E1  
 1.711779448621554E9    -2.293826158707606E1   1.735105697394212E2  -1.079020558128592   1.180224833878225E2  -9.911000293623070E-1   1.183428657980152E2  -1.895883666086970E1   4.100199507424938E1  
 1.716791979949875E9    -2.007419020826163E1   1.587744843024746E2  -1.138944752812081   1.039411007801964E2  -1.145284570144535   1.063974802315396E2  -1.799398129154545E1  -4.145916678163027  
 1.721804511278195E9    -1.898601727265374E1   1.303555288799601E2  -1.153216363760257   9.244555712110430E1  -1.168714744534823   9.352045140697820E1  -1.755248023663125E1  -4.185047813766362E1  
 1.726817042606516E9    -1.851238368778583E1   1.124638902521823E2  -1.073627796481636   7.980149041259904E1  -1.039003402517989   8.057888137817946E1  -1.708952443922837E1  -8.172686948673328E1  
 1.731829573934837E9    -1.839482616074418E1   8.514652580741795E1  -9.245657271538224E-1   6.523587656190935E1  -8.108715095050781E-1   6.801775436567964E1  -1.770929399105331E1  -1.086874325222305E2  
 1.736842105263158E9    -1.993535340089929E1   6.123346899370043E1  -7.882485775411614E-1   5.279102398181919E1  -6.443759648236769E-1   5.257183482707720E1  -1.829230058539735E1  -1.395676361142581E2  
 1.741854636591479E9    -2.193670899952046E1   3.002496564871429E1  -7.175700630103806E-1   3.900846033865460E1  -5.875566242357920E-1   3.724245699942362E1  -1.918311973759204E1  -1.771827334173162E2  
 1.746867167919800E9    -2.322583462234490E1  -5.281540373101836  -7.451692266869062E-1   2.498508723755599E1  -6.822205127907305E-1   2.300195734867935E1  -2.104269965745013E1   1.373773190157192E2  
 1.751879699248120E9    -2.649081718070440E1  -6.116244240710937E1  -8.805458862071264E-1   8.553672788674819  -8.691286224524054E-1   1.137525951501204E1  -2.101945698439748E1   9.397834762554810E1  
 1.756892230576441E9    -2.360625068210705E1  -1.178822131577391E2  -1.010706162596640  -3.464615837160725  -1.082039543485623  -2.113661910315443  -2.060110226760295E1   4.188293457583892E1  
 1.761904761904762E9    -2.110700591063942E1  -1.388714561663754E2  -1.085072604428879  -1.578164589266971E1  -1.145619618780319  -1.385865209031762E1  -1.843032779475035E1   9.052959610158514  
 1.766917293233083E9    -1.922964914637716E1  -1.689494787085993E2  -1.098773104109915  -2.895629640906370E1  -1.040213452388831  -2.705067464130705E1  -1.746880574858078E1  -2.276436678984759E1  
 1.771929824561404E9    -1.894311921323645E1   1.705852531255150E2  -1.037904826784439  -4.104703852841709E1  -8.559411793711456E-1  -3.750658329844624E1  -1.603014412048119E1  -4.914342796457896E1  
 1.776942355889724E9    -1.987393020318399E1   1.512641813637194E2  -8.969068101904488E-1  -5.480562740983165E1  -6.625484119336689E-1  -5.154031717504012E1  -1.616747791919893E1  -8.572745773894791E1  
 1.781954887218045E9    -2.067787684414302E1   1.327878492603323E2  -7.917588266831406E-1  -6.946799996823272E1  -5.502395564472222E-1  -6.732801151413467E1  -1.765670741795119E1  -1.066516579444431E2  
 1.786967418546366E9    -2.399804269027736E1   1.060474880553704E2  -7.628907952773794E-1  -8.214479900439601E1  -5.711664099236833E-1  -8.193962422091934E1  -1.900553134225808E1  -1.372477020178270E2  
 1.791979949874687E9    -3.066847608135933E1   8.805061352080129E1  -8.057604296054237E-1  -9.617212014406962E1  -6.872038668944368E-1  -9.540686844677595E1  -2.089218107615295E1  -1.670197675319857E2  
 1.796992481203008E9    -3.322694572679845E1  -9.220459289946132E1  -8.920922591905389E-1  -1.101461480467074E2  -8.631522546891345E-1  -1.087754664241468E2  -2.345827846202203E1   1.526660642068909E2  
 1.802005012531328E9    -2.595118380077722E1  -1.235689465433797E2  -9.999504890263136E-1  -1.229013300836103E2  -9.380541643035951E-1  -1.224741213417476E2  -2.522200214935374E1   9.373640566722409E1  
 1.807017543859649E9    -2.042240239664374E1  -1.369853289522973E2  -1.047946232873985  -1.354988464063465E2  -9.222862706680827E-1  -1.341194459352843E2  -2.449519518635523E1   5.458875192315711E1  
 1.812030075187970E9    -1.828014971248138E1  -1.477443523519372E2  -9.554198668744965E-1  -1.488393821796500E2  -8.556949872339350E-1  -1.477743011297417E2  -2.640766554349222E1   1.025074200637458E1  
 1.817042606516291E9    -1.759006138935203E1  -1.651615804192549E2  -8.571911521636410E-1  -1.598862812611998E2  -7.594690892671476E-1  -1.609522478684134E2  -2.529760968971509E1  -3.659816747354613E1  
 1.822055137844612E9    -1.762442403626516E1   1.693679337440646E2  -7.265746383156619E-1  -1.756929841257875E2  -7.097969958514580E-1  -1.739714467681791E2  -2.557591198015109E1  -8.295845811140163E1  
 1.827067669172932E9    -1.845787258222666E1   1.439913609337299E2  -6.429203541125337E-1   1.719668073799491E2  -7.396447985280162E-1   1.710765067156922E2  -2.766781691978011E1  -1.206244395385061E2  
 1.832080200501253E9    -1.958163850083271E1   1.303302244051184E2  -6.500186103323189E-1   1.573658906037024E2  -8.692865509573290E-1   1.578418537322056E2  -2.480854075128973E1  -1.691211908987014E2  
 1.837092731829574E9    -2.092730194778887E1   9.711333106051771E1  -7.358050151463156E-1   1.427786219195282E2  -1.021678828634635   1.446755704865088E2  -2.366337360392156E1   1.423577530332283E2  
 1.842105263157895E9    -2.246975608800428E1   5.152311967130846E1  -8.616385275163369E-1   1.302487807280228E2  -1.104609531490053   1.322263291540555E2  -2.096097570694186E1   1.099884452958837E2  
 1.847117794486216E9    -2.518151223106292E1   1.250091394446099E1  -9.543298508076982E-1   1.164254513541972E2  -1.087608360118321   1.196265341597463E2  -2.033413221727613E1   7.486934326789810E1  
 1.852130325814536E9    -2.447083047585398E1  -3.091852873145235E1  -1.000980549313598   1.027515653065339E2  -9.505072764225787E-1   1.067954342642309E2  -1.896908842012643E1   5.089122752460606E1  
 1.857142857142857E9    -2.321222186149417E1  -5.739396713670903E1  -9.569606310339603E-1   9.077772568382436E1  -7.845646298536926E-1   9.232651493491910E1  -1.966958948670657E1   3.018442634157274E1  
 1.862155388471178E9    -2.129936118430034E1  -7.947046560629943E1  -8.631190412908197E-1   7.993973217115715E1  -6.881065519757120E-1   7.879835300196805E1  -2.071264601436599E1  -6.646743699351665  
 1.867167919799499E9    -2.145465643982809E1  -1.103926295881282E2  -7.579177203360195E-1   6.526634960345606E1  -6.618225898564146E-1   6.522870527032006E1  -2.113032379903732E1  -3.007092990223493E1  
 1.872180451127820E9    -2.360048435594393E1  -1.333482673169435E2  -7.182337925742522E-1   5.087957226467727E1  -7.133072063156126E-1   5.026174754469176E1  -2.501257464169123E1  -6.889920721568116E1  
 1.877192982456141E9    -2.373205354681369E1  -1.696136765719811E2  -7.304255242994722E-1   3.627054701684278E1  -8.247005540884911E-1   3.708268066065915E1  -2.647297509120362E1  -1.158319911965215E2  
 1.882205513784461E9    -2.917090875373811E1   1.752871859291064E2  -7.933298237976246E-1   2.286100307176331E1  -9.494263052590476E-1   2.294219025621445E1  -2.624796561291175E1  -1.741235638969441E2  
 1.887218045112782E9    -3.584961356053268E1   1.024554480468205E2  -8.805189055168879E-1   9.825926257866879  -9.726907632069516E-1   1.342488064717680E1  -2.513469429288862E1   1.447963027266293E2  
 1.892230576441103E9    -3.361896986202497E1   3.868985658445652E1  -9.207310461791267E-1  -4.197310762667467  -9.389713893244801E-1  -1.743584365104921  -2.405146039034772E1   1.212444850912791E2  
 1.897243107769424E9    -2.675844031195161E1  -1.552645611156098E1  -9.250770579182400E-1  -1.653061432140578E1  -8.714137482332460E-1  -1.374216683822649E1  -2.617741601716815E1   8.444735443193154E1  
 1.902255639097745E9    -2.272551632471411E1  -4.108098005290071E1  -8.422352693435027E-1  -2.934165299852213E1  -7.978360563621038E-1  -2.764624195206439E1  -2.638838203293082E1   3.892964482189458E1  
 1.907268170426065E9    -2.168129430169968E1  -7.279324559902452E1  -7.495188694595318E-1  -4.219589703145340E1  -7.615105952733379E-1  -4.007392685279880E1  -2.800313559625737E1   4.434964041295363  
 1.912280701754386E9    -2.009985090339027E1  -1.020596767983817E2  -6.747974081391985E-1  -5.676356797915577E1  -8.378334968835202E-1  -5.591970966466918E1  -2.911118213103956E1  -5.706393936116442E1  
 1.917293233082707E9    -1.912445176293797E1  -1.151903867442792E2  -6.740509800625749E-1  -6.843624617456752E1  -9.048320116518919E-1  -7.023717655123888E1  -2.532481289117951E1  -1.162418691776503E2  
 1.922305764411027E9    -1.943599663760013E1  -1.483494226854822E2  -7.444749556795558E-1  -8.515658513974115E1  -1.026612731691990  -8.326242612356313E1  -2.178305346374066E1  -1.392395609318878E2  
 1.927318295739348E9    -1.998868185053920E1  -1.734646250308237E2  -8.579171547801966E-1  -9.817906884307503E1  -1.095514842954689  -9.459997963838627E1  -2.056279526859849E1  -1.605100357061871E2  
 1.932330827067669E9    -1.986821755818453E1   1.581635733340846E2  -9.723967466260959E-1  -1.102866314006155E2  -1.089021683319901  -1.079252702948964E2  -1.907603554319234E1   1.653918710318815E2  
 1.937343358395990E9    -2.001141615333393E1   1.330187463997268E2  -1.067861180233533  -1.237023038019407E2  -1.001786582232370  -1.203562737514829E2  -1.788959936186133E1   1.424142737472608E2  
 1.942355889724311E9    -2.081966448624644E1   9.590533978283992E1  -1.067015725642583  -1.364696887491275E2  -8.781052137132621E-1  -1.330192444268611E2  -1.769374841493531E1   1.322443027450195E2  
 1.947368421052632E9    -2.009893804592029E1   7.371056068218009E1  -9.988344973271377E-1  -1.483078275701879E2  -7.551257325598543E-1  -1.468286553030902E2  -1.825935053834926E1   1.091813744930311E2  
 1.952380952380952E9    -2.081315172399730E1   5.014513752058493E1  -8.697314254398415E-1  -1.626451597293093E2  -7.041046306180637E-1  -1.606443830804035E2  -2.059306690685674E1   9.222648528824436E1  
 1.957393483709273E9    -2.143835477756108E1   2.606953429041680E1  -7.395372354373229E-1  -1.757341545253048E2  -6.618986517795229E-1  -1.749670220903823E2  -2.232299995736716E1   7.329008910310397E1  
 1.962406015037594E9    -2.297877954541471E1   5.221210316437631  -6.651684807132656E-1   1.703689138229923E2  -6.823438547465438E-1   1.715831854255412E2  -2.590998269383851E1   4.702814898676316E1  
 1.967418546365915E9    -2.880050718422851E1  -5.150629927152092E1  -6.622131246369576E-1   1.568731691132314E2  -7.432047143722974E-1   1.560394192715264E2  -3.012257884460405E1   3.086601273922197E1  
 1.972431077694236E9    -2.980071778115618E1  -7.690005654699955E1  -7.016140744898348E-1   1.425739860049418E2  -7.885734599784045E-1   1.448023779127071E2  -5.697876784920462E1  -4.994180616786555E1  
 1.977443609022556E9    -3.364838098076320E1  -1.538671274430844E2  -7.919646969220443E-1   1.289183347295778E2  -8.089595614678696E-1   1.316325730397790E2  -3.799457206174360E1   1.555994398852825E2  
 1.982456140350877E9    -2.860392922201367E1   1.285166688752622E2  -8.508325418851909E-1   1.157285709986698E2  -7.993907292144614E-1   1.171336585250069E2  -3.323005101741142E1   1.718592238720664E2  
 1.987468671679198E9    -2.719327800591890E1   1.093268968307784E2  -8.603027135376717E-1   1.033463719805219E2  -7.981946654265023E-1   1.045096037828691E2  -2.927874565210203E1   1.602467322217065E2  
 1.992481203007519E9    -2.448105405885573E1   8.539643803099294E1  -8.279998098265944E-1   8.926825840134831E1  -7.986954770245721E-1   9.012191674000610E1  -3.197395925531527E1   1.441589606738319E2  
 1.997493734335840E9    -2.192366914708755E1   6.590791904458635E1  -7.421340469580784E-1   7.660014898122421E1  -7.873736283063924E-1   7.730047294217494E1  -3.561564257337846E1   1.387352159991702E2  
 2.002506265664161E9    -2.383043788648408E1   3.644973529309007E1  -6.924617634292115E-1   6.260641411290511E1  -7.847900759301254E-1   6.264019944206856E1  -4.032190543770291E1   9.581955156318017E1  
 2.007518796992481E9    -2.409618001052990E1  -4.557404197597294  -6.916892716657175E-1   4.889496270122371E1  -8.120735229556040E-1   5.153342846646952E1  -4.029042237561106E1  -1.470851402043777E2  
 2.012531328320802E9    -2.429009737818344E1  -3.429376706558619E1  -7.378487190034847E-1   3.460762968889016E1  -8.143897740070363E-1   3.705602098955822E1  -3.302259635730472E1  -1.232999122774427E2  
 2.017543859649123E9    -2.491616650646578E1  -8.327612980521968E1  -8.445258135517459E-1   2.156312132759836E1  -8.471370084604426E-1   2.365559712366149E1  -2.849128441506609E1  -1.021920317630444E2  
 2.022556390977444E9    -2.123845911706131E1  -1.131879814580571E2  -9.441964172650920E-1   7.791601267333268  -8.370085195541670E-1   1.048218126376551E1  -2.613668236439819E1  -1.361320963646110E2  
 2.027568922305764E9    -2.024603562442266E1  -1.397711741963237E2  -1.028888242930081  -4.052513238396743  -8.209122110872752E-1  -3.922655117465156  -2.422879723393223E1  -1.410802831843198E2  
 2.032581453634085E9    -1.908847858662408E1  -1.694328916111355E2  -1.031405227147049  -1.649169778207177E1  -7.827892700461776E-1  -1.652698071585152E1  -2.255140706372460E1  -1.455347586123684E2  
 2.037593984962406E9    -1.851884260637098E1   1.726365774952088E2  -9.588227436450196E-1  -2.855359991103926E1  -7.556505303670904E-1  -2.862172534676870E1  -2.193756632267541E1  -1.561717116947737E2  
 2.042606516290727E9    -1.717572987123756E1   1.533653504207474E2  -8.193453325918427E-1  -4.323582319816719E1  -6.974465373538211E-1  -4.245420739393612E1  -2.059845358360125E1  -1.603790545040629E2  
 2.047619047619048E9    -1.817725071924949E1   1.283729237587019E2  -7.091250830400886E-1  -5.641440083552877E1  -6.452814986998305E-1  -5.509356233806695E1  -2.042707575899245E1  -1.695516790707942E2  
 2.052631578947369E9    -1.914109453143250E1   1.156758400539883E2  -6.561382046443517E-1  -6.983135689039798E1  -6.178008627877890E-1  -6.903724359149372E1  -1.936182667953975E1   1.760692314594750E2  
 2.057644110275689E9    -2.219019888534639E1   1.014999038898258E2  -6.137019226813996E-1  -8.273917928320537E1  -6.122370827382656E-1  -8.362489822285465E1  -1.911767708123871E1   1.634861459997491E2  
 2.062656641604010E9    -2.635553347257666E1   9.395067866515316E1  -6.224073534625799E-1  -9.648755579118617E1  -6.314032471456460E-1  -9.872757492482975E1  -1.902545252120868E1   1.448730253369343E2  
 2.067669172932331E9    -3.205925870107205E1   9.113099500979688E1  -6.678455667613903E-1  -1.102866961967946E2  -6.912889528570686E-1  -1.118192806553994E2  -2.034806491203204E1   1.268643327075873E2  
 2.072681704260652E9    -3.377097054759367E1   1.708198838852161E2  -7.088587562798927E-1  -1.250863172633787E2  -7.583953034252210E-1  -1.253900131100653E2  -2.157222600015828E1   1.048386342473709E2  
 2.077694235588973E9    -2.580104013116635E1   1.670132007489526E2  -6.778538521975493E-1  -1.384877468519730E2  -8.718377749523136E-1  -1.382722965727087E2  -2.414899557670837E1   7.160398351536382E1  
 2.082706766917293E9    -2.435013426823751E1   1.644778852040908E2  -6.327937890854548E-1  -1.522160413500569E2  -9.186681063713464E-1  -1.508826474826269E2  -2.640021181952308E1   4.496756373789307E1  
 2.087719298245614E9    -2.375338556927098E1   1.452242463371291E2  -5.880658948695230E-1  -1.656396120994873E2  -8.908629168490411E-1  -1.622890568195102E2  -2.766977320892008E1  -1.164627500934709E1  
 2.092731829573935E9    -2.193507375314511E1   1.245625661175527E2  -5.675708322024526E-1  -1.778940431187717E2  -8.344872934395647E-1  -1.769429092244243E2  -2.591548459372219E1  -6.255703592278538E1  
 2.097744360902256E9    -2.293694428408773E1   1.069688014958127E2  -6.055886999997623E-1   1.683430861605294E2  -7.426493957489102E-1   1.708847153202737E2  -2.450743200590133E1  -9.961999797188611E1  
 2.102756892230577E9    -2.411979642996801E1   7.681334337472778E1  -6.861210472438396E-1   1.535166484760674E2  -7.020848239245521E-1   1.567830313451638E2  -2.355930628085163E1  -1.304187605604250E2  
 2.107769423558897E9    -2.670964023738918E1   4.884954485259818E1  -7.719725711644787E-1   1.410726733540419E2  -6.899428704889011E-1   1.431552783481525E2  -2.317705314426021E1  -1.565297486944002E2  
 2.112781954887218E9    -2.936547567866173E1  -4.934299302441837E-3  -8.253126487447178E-1   1.292809551244715E2  -7.031286747916983E-1   1.293218262698953E2  -2.502189913908127E1  -1.640426022336776E2  
 2.117794486215539E9    -2.510020870919760E1  -5.061784724043010E1  -8.306698011756852E-1   1.152516199122201E2  -7.794950166514973E-1   1.167291266905516E2  -3.039631831453288E1   1.500889550382157E2  
 2.122807017543860E9    -2.212770770479823E1  -7.724962892733912E1  -7.595938689629412E-1   1.025030273401818E2  -8.254424846797791E-1   1.022612664735536E2  -3.690303261939889E1   5.195156298922989E1  
 2.127819548872181E9    -2.030248078703253E1  -1.096725775622042E2  -6.741317065463616E-1   8.916675461044204E1  -8.269562249967599E-1   9.011299635028585E1  -2.695037164833344E1  -2.694005673159890E1  
 2.132832080200501E9    -1.952562246884697E1  -1.292167667992149E2  -6.118394056130512E-1   7.536917026865359E1  -7.167320486731936E-1   7.746890354988213E1  -2.367306038562953E1  -4.797200290065813E1  
 2.137844611528822E9    -2.052358675168389E1  -1.404605823818404E2  -5.512238506835691E-1   6.096059002045464E1  -6.164896681198846E-1   6.391241396302073E1  -2.013263527283890E1  -7.335471500806003E1  
 2.142857142857143E9    -1.958281640499251E1  -1.678749620240403E2  -5.530251546316499E-1   4.593966793078909E1  -5.682392384940775E-1   4.974309926981589E1  -1.753812059093496E1  -1.011003708780342E2  
 2.147869674185464E9    -2.054733902935617E1  -1.742575356555869E2  -6.299456343104710E-1   3.284458103536052E1  -5.524283807016103E-1   3.353013117169719E1  -1.628820052393121E1  -1.223822243310528E2  
 2.152882205513784E9    -2.224009148905419E1   1.693120670446810E2  -6.977773642378399E-1   2.036049206295949E1  -6.362301053823125E-1   2.120484080495216E1  -1.655781780481239E1  -1.434813727696675E2  
 2.157894736842105E9    -2.642842313066124E1   1.619952912695091E2  -7.188950887215331E-1   6.631530083062706  -7.886258131183315E-1   6.610353306517142  -1.679600447683907E1  -1.654239052932261E2  
 2.162907268170426E9    -3.187242177591688E1   1.673521771648831E2  -7.027199493187045E-1  -5.205996925782604  -9.461107953446940E-1  -4.829635754758161  -1.687894124885862E1   1.702395640256568E2  
 2.167919799498747E9    -2.963500194829314E1  -1.577925006234483E2  -6.712617196878747E-1  -1.918868206718914E1  -9.984125655898707E-1  -1.824808758333231E1  -1.946111877353096E1   1.450520233952969E2  
 2.172932330827067E9    -2.666864175715104E1  -1.410981377711750E2  -6.832530245508559E-1  -3.459170024934596E1  -9.483681388269961E-1  -3.007049425103376E1  -2.050209160369388E1   1.096816197920666E2  
 2.177944862155389E9    -2.415972605730482E1  -1.540305370827247E2  -7.211211119598201E-1  -4.715171577989353E1  -8.367247816527932E-1  -4.302162467102884E1  -2.229461413994634E1   8.204508628345711E1  
 2.182957393483709E9    -2.314995608344143E1  -1.724880673708563E2  -7.878493005605040E-1  -6.036200970799020E1  -7.384376825040249E-1  -5.839204932786308E1  -2.554183838968031E1   3.715376159056297E1  
 2.187969924812030E9    -2.163772025024161E1   1.766214773370593E2  -8.593362439233311E-1  -7.450102568910701E1  -7.018056645238391E-1  -7.187665110596579E1  -2.747801888419136E1  -1.738672743268100E1  
 2.192982456140351E9    -2.068301670237451E1   1.503466444138736E2  -9.303942285893254E-1  -8.790846355921050E1  -7.063883428411470E-1  -8.382271823083545E1  -2.916715556615288E1  -7.698370713653992E1  
 2.197994987468672E9    -2.155825565183344E1   1.270148876379569E2  -9.719944209009133E-1  -9.952578678187891E1  -7.558053853303491E-1  -9.733698656624777E1  -3.010602633662743E1  -1.412159288718573E2  
 2.203007518796992E9    -2.221243436140501E1   8.882281384742623E1  -9.181769233838127E-1  -1.126306959396768E2  -8.277414405387253E-1  -1.117561498728982E2  -2.657270734714500E1  -1.788724521362696E2  
 2.208020050125313E9    -1.997417151972269E1   5.046117807101895E1  -8.274735465150663E-1  -1.257233418878196E2  -8.812000930626809E-1  -1.247517397913818E2  -2.521614250889750E1   1.337778615905167E2  
 2.213032581453634E9    -2.051425975303061E1   2.434062036858170E1  -7.445247190229298E-1  -1.389407279669072E2  -8.571394941448483E-1  -1.385805059749346E2  -2.305992700881699E1   9.431632447600205E1  
 2.218045112781955E9    -2.036882240641532E1  -6.299136522181051  -6.727031745184282E-1  -1.531897130220410E2  -7.685156613367551E-1  -1.513050580701206E2  -2.141958190150768E1   6.433572343998128E1  
 2.223057644110276E9    -2.083151791163405E1  -2.568773124945857E1  -6.714244775948079E-1  -1.676509306426560E2  -6.891804115501357E-1  -1.659949062908073E2  -2.123526421486118E1   2.891099310049349E1  
 2.228070175438597E9    -1.997455722650102E1  -5.987871731168438E1  -7.716416221995391E-1   1.782889891867126E2  -6.758810488994191E-1  -1.799137180867810E2  -1.948106963457471E1  -3.449729420996771  
 2.233082706766917E9    -2.091601342755331E1  -8.813737533356336E1  -8.677141558581633E-1   1.644879058099292E2  -7.679291707503360E-1   1.657616970393699E2  -1.873794407432057E1  -2.811280998023116E1  
 2.238095238095238E9    -2.119463091287500E1  -1.141522719252734E2  -9.545503419865511E-1   1.520530012266212E2  -8.794826739850519E-1   1.531188739900197E2  -1.882472566221609E1  -5.814972186341636E1  
 2.243107769423559E9    -2.335912183439741E1  -1.424109067205643E2  -9.895524263484654E-1   1.383647555781013E2  -9.606288617133860E-1   1.415029180134563E2  -2.001110089131348E1  -8.722823581514405E1  
 2.248120300751880E9    -2.398130130311591E1  -1.651481613792363E2  -9.679718347911055E-1   1.260040618961852E2  -1.031910561474311   1.276448307321406E2  -2.035548991760424E1  -1.209933652666311E2  
 2.253132832080200E9    -2.745668537721691E1   1.581530359609922E2  -9.290321520652249E-1   1.144517497436877E2  -1.006076359449292   1.151577107158369E2  -2.102842460455378E1  -1.528216401645948E2  
 2.258145363408522E9    -2.997548600688982E1   1.105933520381418E2  -8.969399318474213E-1   1.000668700197111E2  -9.042093143619827E-1   1.008069238838814E2  -2.423927647549768E1   1.711969138891110E2  
 2.263157894736842E9    -3.541498739519854E1   4.182744291827190E1  -9.004832027996488E-1   8.551706511431677E1  -8.291669965432053E-1   8.732539761775173E1  -2.479077503549468E1   1.247872145473862E2  
 2.268170426065163E9    -3.179771934402016E1  -4.222733169734011E1  -9.424436358664289E-1   7.195052493759795E1  -8.109300939685017E-1   7.421808501965467E1  -2.831255049854874E1   8.623999089637671E1  
 2.273182957393484E9    -2.786499219033031E1  -6.072373864576721E1  -1.008964947124015   5.965707950191877E1  -8.403318385557386E-1   5.908547160784153E1  -2.781200221166273E1   1.716416207164285E1  
 2.278195488721805E9    -2.627374149969362E1  -1.080820647038258E2  -1.075873185229156   4.528572685568076E1  -9.688494998202474E-1   4.556811897150040E1  -2.473794286115508E1  -2.848741167458354E1  
 2.283208020050125E9    -2.301530289332000E1  -1.408705988520132E2  -1.076550598786416   3.281518884532423E1  -1.017349048941510   3.336302032592472E1  -2.353004605851872E1  -8.295083695146438E1  
 2.288220551378446E9    -2.031102673830238E1  -1.597305419593477E2  -1.031579870444675   2.019076953264907E1  -1.030029560325018   2.048231375808614E1  -2.153759814969203E1  -1.295032490547029E2  
 2.293233082706767E9    -1.845934394762550E1   1.757619703459329E2  -9.542786893271897E-1   5.937361082953379  -9.659238693200554E-1   6.333356775451160  -1.970065170907586E1  -1.682784504395528E2  
 2.298245614035088E9    -1.786793471251920E1   1.465563518254259E2  -8.894900785459643E-1  -6.784342562535330  -8.610657956745803E-1  -6.180587377500028  -1.731022666639811E1   1.666947562050940E2  
 2.303258145363409E9    -1.678846560013894E1   1.234769303315569E2  -8.610721992952588E-1  -2.063984935846053E1  -8.026564679096672E-1  -1.972988486678386E1  -1.587538913586177E1   1.398932436116658E2  
 2.308270676691730E9    -1.658423121400414E1   1.007179948946906E2  -9.779276671155668E-1  -3.457586122378999E1  -8.058663804109507E-1  -3.428234315586459E1  -1.520782804626525E1   1.171027994826651E2  
 2.313283208020050E9    -1.681486900575947E1   7.552381687762787E1  -1.077547064843208  -4.782343555024475E1  -9.294291248508091E-1  -4.669623577080035E1  -1.508877564006157E1   8.510677285321656E1  
 2.318295739348371E9    -1.736259433234330E1   5.979669233607990E1  -1.164240142485129  -6.156469263011001E1  -1.130501124348262  -6.156864358765542E1  -1.504234751170134E1   5.936780701336554E1  
 2.323308270676692E9    -1.895536655362298E1   2.892349371469376E1  -1.239988012747991  -7.549743739504211E1  -1.222457036319112  -7.389923226039312E1  -1.572577287566907E1   3.227031348122384E1  
 2.328320802005013E9    -2.065707802553002E1   4.361759085243006  -1.223758750536885  -8.779506642046471E1  -1.235450072547746  -8.522304152557136E1  -1.743116969401805E1  -1.471327477207733E-1  
 2.333333333333334E9    -2.332382438015180E1  -3.311454235727585E1  -1.143058925399622  -9.857804026640798E1  -1.150164609539584  -9.844701642080420E1  -1.824057385683780E1  -3.502832965434203E1  
 2.338345864661655E9    -2.502305668824232E1  -7.563020793238756E1  -1.045815304003152  -1.131318147573301E2  -9.980123610350647E-1  -1.119352015393644E2  -2.058292839425692E1  -7.571177638607826E1  
 2.343358395989975E9    -2.651097886785837E1  -1.308740189236312E2  -9.736023412236736E-1  -1.270000222618574E2  -8.568759195606752E-1  -1.265353985687951E2  -2.080868220072714E1  -1.258014413070711E2  
 2.348370927318296E9    -2.458113384062685E1  -1.691727292913348E2  -9.674578247336483E-1  -1.404993180626381E2  -8.429328911690733E-1  -1.401698317585840E2  -2.023053102938523E1  -1.691795655257353E2  
 2.353383458646617E9    -2.326533472571342E1   1.556841455407552E2  -1.031966678066282  -1.538234948027363E2  -9.118768798674729E-1  -1.536140713116979E2  -1.878099320977803E1   1.517835571782001E2  
 2.358395989974937E9    -2.402696328818310E1   1.285516455344367E2  -1.120600952820374  -1.681354866493537E2  -1.078145741669791  -1.679110913196483E2  -1.825107781817551E1   1.114849882688184E2  
 2.363408521303258E9    -2.413295192983503E1   9.426774488359268E1  -1.172709419388488   1.791663267750145E2  -1.219570318626838   1.789833609940117E2  -1.816101740135016E1   8.015024577710088E1  
 2.368421052631579E9    -2.612777862602054E1   6.020281957861383E1  -1.160699187698344   1.664682508152761E2  -1.270331737803335   1.669057052028529E2  -1.855144024400502E1   4.653892384063730E1  
 2.373433583959900E9    -2.585394968718792E1   8.965806424587660  -1.082333025499106   1.540333860436180E2  -1.173887454423088   1.547397937844314E2  -1.886761341514436E1   6.217624880634062  
 2.378446115288220E9    -2.789905831882945E1  -4.077990705973065E1  -1.007921466840514   1.392494587759725E2  -1.028266460818213   1.406640911433834E2  -1.834477440883047E1  -4.033092401026339E1  
 2.383458646616541E9    -2.402903614648991E1  -9.488577347408724E1  -9.692622729024580E-1   1.244271239115482E2  -8.867036191875337E-1   1.280992954101949E2  -1.772142561921734E1  -7.861091906186721E1  
 2.388471177944862E9    -2.044982967936480E1  -1.206328692467447E2  -9.996335963612306E-1   1.131060760992525E2  -8.682969009208247E-1   1.132243705748050E2  -1.649670877343100E1  -1.183377567459281E2  
 2.393483709273183E9    -1.834943086492811E1  -1.475844446982125E2  -1.106449189480649   9.811911115491751E1  -1.034041547984227   9.744297852083817E1  -1.496957335268270E1  -1.506830966070684E2  
 2.398496240601504E9    -1.697808885677662E1  -1.720549304883636E2  -1.250991648416786   8.591147711162073E1  -1.275757838911902   8.523186349736848E1  -1.402243977331453E1  -1.790127116768249E2  
 2.403508771929825E9    -1.617774939314409E1   1.674643085226003E2  -1.366475448674475   7.232952425487623E1  -1.466254279270495   7.225591122146923E1  -1.341804701139056E1   1.534027149329334E2  
 2.408521303258145E9    -1.571265166605637E1   1.490704655755869E2  -1.386567541919552   5.897293710691383E1  -1.577101109826885   6.006908160976860E1  -1.336083892446328E1   1.280999731880339E2  
 2.413533834586466E9    -1.650514083790424E1   1.289847523320056E2  -1.324347620544434   4.800983610816276E1  -1.499480494957752   4.798779780995492E1  -1.408258217347213E1   1.045601621462693E2  
 2.418546365914787E9    -1.703957509454778E1   1.051586246627254E2  -1.203237335388091   3.447242139799419E1  -1.321949771773382   3.616455656769076E1  -1.524607383652302E1   7.692055534916699E1  
 2.423558897243108E9    -1.963175612662170E1   8.464852359526439E1  -1.097671842366047   2.193538037933397E1  -1.069700243613438   2.276793706944146E1  -1.758245817101395E1   4.434573712183765E1  
 2.428571428571428E9    -2.182878201765404E1   7.054998725825797E1  -9.536757000349482E-1   8.539250662422614  -9.351191233708875E-1   1.030431183852893E1  -2.075137396118035E1   1.192711931263571E1  
 2.433583959899750E9    -2.717273666955162E1   3.235945158583631E1  -8.978835867629614E-1  -6.033403132681719  -9.640785466903067E-1  -6.780651780239011  -2.371162199505014E1  -4.937960462388148E1  
 2.438596491228070E9    -3.445962880441551E1  -3.455972249260552E1  -9.365753231918004E-1  -2.134659829081674E1  -1.105336588160915  -2.156256278899474E1  -2.301729399244499E1  -1.195477195639897E2  
 2.443609022556391E9    -3.062826305874341E1  -1.180593217278926E2  -1.005778735341799  -3.497127296461924E1  -1.267915458705967  -3.374722808136771E1  -2.010578058856541E1  -1.571015340263924E2  
 2.448621553884712E9    -2.615721825291689E1  -1.596896107964386E2  -1.060018858078956  -4.840963738875724E1  -1.402208804359279  -4.676867673772188E1  -1.861929222436406E1   1.675490361032710E2  
 2.453634085213033E9    -2.432909696474475E1  -1.756171374707572E2  -1.081423156204757  -6.059265432156587E1  -1.366746106515571  -5.939576423820888E1  -1.762860629826482E1   1.382457302275040E2  
 2.458646616541353E9    -2.352254097209334E1   1.557117057565643E2  -1.009554350149801  -7.294522162572116E1  -1.279197464111389  -7.136095678869172E1  -1.736995028451600E1   1.077361114444824E2  
 2.463659147869674E9    -2.380688354185904E1   1.291695314874431E2  -9.540812851296161E-1  -8.715152182996218E1  -1.110709142721651  -8.394237747403723E1  -1.861523621094074E1   7.833610687886531E1  
 2.468671679197995E9    -2.594186861902384E1   1.011714073462419E2  -8.977159933604811E-1  -1.010488113284555E2  -1.020111729017001  -1.003762152304141E2  -2.027513206948058E1   4.253117742094758E1  
 2.473684210526316E9    -2.757687632892772E1   4.902981630418011E1  -8.853632562780057E-1  -1.143555492889475E2  -1.092180957727009  -1.138972302089373E2  -2.069976693130783E1   1.802818811483673  
 2.478696741854637E9    -2.754504173584635E1  -1.879267684115079E1  -9.292745386416859E-1  -1.295252742799759E2  -1.198574723288520  -1.281106008938677E2  -1.989263127084539E1  -5.485690298543407E1  
 2.483709273182958E9    -2.600794982809724E1  -5.136968568864655E1  -1.015486465211200  -1.427906424017217E2  -1.375470355374505  -1.410201440369586E2  -1.831877574052284E1  -8.979808328218672E1  
 2.488721804511278E9    -2.340874743703876E1  -7.728840993428824E1  -1.041748648736365  -1.542354321306709E2  -1.468252438854461  -1.546980792645024E2  -1.780257890893778E1  -1.283401806063920E2  
 2.493734335839599E9    -2.071228665764244E1  -1.086626459952261E2  -1.102854350471696  -1.668916803327338E2  -1.426449410828152  -1.650056432772403E2  -1.666981134754385E1  -1.567878459816416E2  
 2.498746867167920E9    -2.024073783536043E1  -1.266653169818915E2  -1.081679609569916  -1.799383238628020E2  -1.365450887091085  -1.790322298350019E2  -1.672890892210183E1   1.770659183993140E2  
 2.503759398496241E9    -1.921225312371079E1  -1.453312382970529E2  -9.757481945000540E-1   1.661758693933957E2  -1.240501640002905   1.691384086145930E2  -1.781161895310130E1   1.534645630656214E2  
 2.508771929824561E9    -1.935331090817504E1  -1.656766825170596E2  -9.102412830558948E-1   1.536727201285255E2  -1.115671154793217   1.531831628090768E2  -1.958621936306413E1   1.294457352757711E2  
 2.513784461152883E9    -2.013393210727253E1   1.699382424603223E2  -8.405544080771087E-1   1.406700159060563E2  -1.052183613939423   1.412211420641142E2  -2.359843229256853E1   1.075659245830623E2  
 2.518796992481203E9    -2.032603427899783E1   1.494104833218102E2  -8.105650438510876E-1   1.242331216140464E2  -1.107177086960582   1.260586317063840E2  -3.158412406961262E1   6.415658959879711E1  
 2.523809523809524E9    -2.196286794573130E1   1.339975740228383E2  -8.181302748656062E-1   1.108097021549419E2  -1.208501097085582   1.133093358044650E2  -3.391463776818769E1  -6.753430196204597E1  
 2.528822055137845E9    -2.549538375228259E1   1.130911528117421E2  -8.566548843740495E-1   9.737511983243472E1  -1.278252982311715   1.000011406071036E2  -2.211429627563503E1  -1.234164594190912E2  
 2.533834586466166E9    -2.806364785609276E1   1.029550769287735E2  -9.012055298320687E-1   8.494024673588660E1  -1.260483865715536   8.702830987326429E1  -1.934797788886792E1  -1.501956134962428E2  
 2.538847117794486E9    -3.177814088729610E1   1.008429735876725E2  -9.316920024890171E-1   7.249949938929298E1  -1.198615407490323   7.478305366071642E1  -1.700603414520387E1  -1.710980781634766E2  
 2.543859649122807E9    -3.658342873785879E1   1.027278337764419E2  -9.083574932233283E-1   5.813997072482971E1  -1.122970394442610   5.995417513435909E1  -1.664113914182575E1   1.616060133213545E2  
 2.548872180451128E9    -3.753971111999552E1   1.573490554485203E2  -8.891353480905383E-1   4.358984764299669E1  -1.112169422561711   4.779003423168331E1  -1.647239775402887E1   1.378491942794892E2  
 2.553884711779449E9    -3.072332409830447E1   1.584444139944969E2  -8.938868932138819E-1   3.056848070501983E1  -1.124551151576538   3.227127486116909E1  -1.727387977133096E1   1.075607469716087E2  
 2.558897243107770E9    -2.918292886236527E1   1.339240873355734E2  -9.130745524056083E-1   1.743321230256249E1  -1.181797805679245   1.912984978295161E1  -1.789511765959818E1   7.765726553015287E1  
 2.563909774436091E9    -2.701552384079806E1   1.045261679029792E2  -9.349296379655843E-1   4.850584256787557  -1.258137236773700   5.764041761177158  -1.851968533425097E1   4.096955691865693E1  
 2.568922305764411E9    -2.487496480643825E1   9.829985590663763E1  -9.680531514702022E-1  -8.455387986819130  -1.328652554738750  -6.691309674108132  -1.940118373290267E1  -1.481198903392366  
 2.573934837092732E9    -2.404695452993681E1   7.011217705742799E1  -1.006736079754360  -2.239004811555219E1  -1.319408706505568  -1.865636643857071E1  -1.935776681237346E1  -3.829289062772934E1  
 2.578947368421053E9    -2.582839817618680E1   3.641285791452656E1  -1.025875292451617  -3.496081932401246E1  -1.263173826275688  -3.193482802901176E1  -1.870675361529226E1  -7.507848041653821E1  
 2.583959899749373E9    -2.370489491755188E1   1.262115674550466E1  -9.688648743293621E-1  -4.884390743014944E1  -1.216907031359767  -4.514486869565917E1  -1.852813864164609E1  -1.119147344156270E2  
 2.588972431077694E9    -2.368681762833626E1  -5.485286280581436  -9.440759533204147E-1  -6.201498555330586E1  -1.152300463406238  -5.978373832098497E1  -1.772890914735535E1  -1.435793924898209E2  
 2.593984962406015E9    -2.602803555294523E1  -4.082939986301504E1  -9.131821267999395E-1  -7.501675566818602E1  -1.128538086103415  -7.348147231281531E1  -1.915219048277553E1  -1.751683678378786E2  
 2.598997493734336E9    -2.456658628553725E1  -7.159148828367727E1  -8.800984862188646E-1  -8.936347117720010E1  -1.163874667346404  -8.692809671941299E1  -1.964452220068753E1   1.524007390480232E2  
 2.604010025062656E9    -2.686392615272047E1  -1.047008021579665E2  -8.688694632933535E-1  -1.020513864145925E2  -1.212459085873684  -1.008058740525956E2  -2.061431210214148E1   1.131172646602002E2  
 2.609022556390978E9    -2.644229936724613E1  -1.348522337094951E2  -8.887764795285330E-1  -1.165087214086467E2  -1.279121204099085  -1.127702676239047E2  -2.258259630622758E1   7.340424761288638E1  
 2.614035087719298E9    -2.587901060553956E1  -1.551989919951374E2  -9.175097628879085E-1  -1.291212894223007E2  -1.328771474114145  -1.264037132005445E2  -2.316422172168265E1   1.312336117384950E1  
 2.619047619047619E9    -2.646819188271788E1   1.607257665973572E2  -9.448416589264800E-1  -1.430321245587053E2  -1.301847892323173  -1.401453554121894E2  -2.096680476902494E1  -3.474160229316098E1  
 2.624060150375940E9    -2.710476355968378E1   1.391102822286019E2  -9.580766491001584E-1  -1.551426024810666E2  -1.322250735190250  -1.540397360864548E2  -1.831546077727205E1  -7.615785218525379E1  
 2.629072681704261E9    -2.553638576633718E1   1.159027624597710E2  -9.560200677878208E-1  -1.702169105547269E2  -1.311068928620162  -1.684358572645842E2  -1.700858165416921E1  -1.070340544817681E2  
 2.634085213032581E9    -3.141683447544124E1   1.173295493901668E2  -9.611045288939487E-1   1.767789844283651E2  -1.330322313677576  -1.796347316007215E2  -1.663300425917037E1  -1.326910527875756E2  
 2.639097744360902E9    -3.610274853638703E1   1.449333610956476E2  -9.452515509159837E-1   1.639971667950614E2  -1.341791415466490   1.663887439497730E2  -1.542249598565941E1  -1.612717850760841E2  
 2.644110275689223E9    -3.231918994165056E1   1.485896306276464E2  -9.327976962560735E-1   1.494801634336098E2  -1.364184994943012   1.535571570077067E2  -1.548372567482082E1   1.696135724653168E2  
 2.649122807017544E9    -2.930831305480186E1   1.684297237641755E2  -9.371427851089268E-1   1.376832519781565E2  -1.388151577849015   1.392703370886888E2  -1.603414194616520E1   1.416959485564317E2  
 2.654135338345865E9    -2.680054465108625E1   1.586009173294389E2  -9.889405530779799E-1   1.239440842908740E2  -1.410715847517633   1.271238934710011E2  -1.686394000589911E1   1.154449826429227E2  
 2.659147869674186E9    -2.262394983761280E1   1.484469015202049E2  -1.002423012391789   1.109148986668391E2  -1.417539103039041   1.154592923724845E2  -1.793556507399957E1   8.299089390018952E1  
 2.664160401002506E9    -2.062273209481378E1   1.274975661846486E2  -1.029713310777436   9.668851629842834E1  -1.385166578186942   1.011099671984283E2  -1.949048432538549E1   4.980187199241422E1  
 2.669172932330827E9    -2.018488799437799E1   1.194915135223128E2  -1.024823373033738   8.371431954436670E1  -1.345578788081969   8.829952019166490E1  -2.100984518677917E1   1.780923689911327E1  
 2.674185463659148E9    -2.024813084397379E1   9.815839352276203E1  -9.993079121159727E-1   7.061365701342281E1  -1.293486113279330   7.642660602167506E1  -2.199673164780245E1  -2.363109157103916E1  
 2.679197994987469E9    -2.038787768167459E1   7.897640822214895E1  -9.389867018853070E-1   5.780148091821914E1  -1.277595437897446   6.234383909881534E1  -2.263964873608848E1  -6.376184034880324E1  
 2.684210526315789E9    -2.198293813805644E1   5.629887264980203E1  -9.207799534416694E-1   4.338355252486196E1  -1.243563477254883   4.776139057817890E1  -2.304461040820931E1  -1.175915689743621E2  
 2.689223057644111E9    -2.365532013443093E1   4.333102835694026E1  -8.890733465019869E-1   3.010930951430854E1  -1.238406989687931   3.473538048851230E1  -2.457750359561399E1  -1.653830397828401E2  
 2.694235588972431E9    -2.449864071581742E1   7.604432419070144  -8.945660745767872E-1   1.658119111370528E1  -1.202538319863907   2.130491249299798E1  -2.355085034691521E1   1.590887101795680E2  
 2.699248120300752E9    -2.798156202347464E1  -1.755950856110812E1  -9.137783405821355E-1   2.553281147179321  -1.228623822051355   8.332400080587483  -2.337930164254063E1   1.180021097937827E2  
 2.704260651629073E9    -3.132724364675473E1  -8.500443423711138E1  -9.722213730036512E-1  -1.005201582938127E1  -1.226129878877290  -4.436450338247294  -2.259262254775091E1   8.915636553802199E1  
 2.709273182957394E9    -2.772178576829138E1  -1.566767189764088E2  -1.023672200493403  -2.567658735203215E1  -1.220122735428187  -1.803931795277098E1  -2.208345496015778E1   5.370520511261135E1  
 2.714285714285714E9    -2.584599755208902E1  -1.693376196531891E2  -1.032613721638142  -3.769285586091648E1  -1.209605994641534  -3.279450212936369E1  -2.215238460516760E1   1.470213616809651E1  
 2.719298245614035E9    -2.573041790133641E1   1.597148342742730E2  -1.012682616837361  -5.132379845059528E1  -1.193054974025783  -4.501879475285616E1  -2.298256677255231E1  -1.580958888449721E1  
 2.724310776942356E9    -2.510199451880715E1   1.303952568466461E2  -9.952477828435752E-1  -6.328499223652374E1  -1.137200912754669  -5.832445036130235E1  -2.222960728663708E1  -5.026870519004078E1  
 2.729323308270677E9    -2.437963514785298E1   1.097698329900697E2  -1.002367471841554  -7.757131372354884E1  -1.067286883742669  -7.226808908409770E1  -2.345408912233427E1  -9.160709291804000E1  
 2.734335839598998E9    -2.884002884762831E1   8.767496708526581E1  -9.815055135631539E-1  -9.088451228628421E1  -1.060177378210501  -8.651358566772149E1  -2.388841808858619E1  -1.245036589451026E2  
 2.739348370927319E9    -3.155684548679418E1   6.538129499545583E1  -1.031075886233782  -1.052520513055404E2  -1.014777443807817  -9.877033300136009E1  -2.312505330242803E1  -1.597974548170082E2  
 2.744360902255639E9    -3.570338735691755E1   1.152783572800549E1  -1.083386692980795  -1.187535880432476E2  -1.008184002603543  -1.130222423087084E2  -2.299813034262975E1   1.697754457743750E2  
 2.749373433583960E9    -3.276754310589831E1  -9.188943148784492E1  -1.137634144123963  -1.283087662772644E2  -9.769687574174182E-1  -1.215736309265455E2  -2.207681900783314E1   1.509871859788964E2  
 2.754385964912281E9    -2.446662620230972E1  -1.334073106166383E2  -1.155526491520385  -1.437624335641516E2  -9.835049736973672E-1  -1.362252929811689E2  -2.378265906544517E1   1.277964066749430E2  
 2.759398496240602E9    -2.089602054019748E1  -1.553621246783774E2  -1.200171090945519  -1.574242576308140E2  -9.841469032604296E-1  -1.521813936137561E2  -2.610674955388669E1   1.006396178307921E2  
 2.764411027568922E9    -2.042735078676343E1  -1.754306793256744E2  -1.177584497417036  -1.697782735037686E2  -9.517837350299577E-1  -1.672461185166984E2  -2.637126703469136E1   9.524395935866323E1  
 2.769423558897244E9    -1.878718123256385E1   1.679828683538984E2  -1.188528991919117   1.753772315787209E2  -9.089547396903349E-1  -1.797017533461309E2  -2.995392272874222E1   1.047073980949256E2  
 2.774436090225564E9    -1.806968357120070E1   1.476940031280140E2  -1.173460658283917   1.637293485251324E2  -8.926736848665576E-1   1.664418041925552E2  -3.022018862229436E1   1.253748177020609E2  
 2.779448621553885E9    -1.832984938792803E1   1.235159774942356E2  -1.154982008185493   1.487998682664754E2  -8.940828411313595E-1   1.535790741801301E2  -2.682644101972948E1   1.289940044197450E2  
 2.784461152882206E9    -1.831470593885463E1   1.076213944205654E2  -1.185645530328400   1.357947538948096E2  -9.015803031448331E-1   1.394612686988180E2  -2.475980143499482E1   1.194552533255170E2  
 2.789473684210527E9    -2.012193632985910E1   7.939458538027273E1  -1.201213951699415   1.214148451292076E2  -8.922610693721882E-1   1.269608195943578E2  -2.263959483682205E1   1.061844281949959E2  
 2.794486215538847E9    -2.131930143913013E1   5.998817252600581E1  -1.196490664623775   1.078130100942061E2  -9.108947281588031E-1   1.142881594655467E2  -2.216007794385505E1   9.128765741348268E1  
 2.799498746867168E9    -2.468075455234906E1   2.829131173932591E1  -1.263698930067721   9.393023100599602E1  -8.769535312670685E-1   9.903470208258510E1  -2.143734030288692E1   6.741269218661684E1  
 2.804511278195489E9    -2.993513605778708E1  -1.295938856816057E1  -1.266243308925620   8.124332251080624E1  -8.631705166273486E-1   8.650711100624301E1  -2.373186464155309E1   4.931041616986263E1  
 2.809523809523809E9    -2.815996845179465E1  -6.748197165315925E1  -1.270433599198963   6.844174245479098E1  -8.073582268564309E-1   7.363240617097806E1  -2.703054409820269E1   3.110543445273214E1  
 2.814536340852130E9    -2.703873653555383E1  -1.328724211931746E2  -1.258145967477016   5.611315806985107E1  -7.880122866335981E-1   5.907179696782899E1  -2.952231901474967E1  -1.517447870170679E1  
 2.819548872180451E9    -2.582753150283819E1  -1.555203147833240E2  -1.254187747923717   4.166890013527305E1  -7.902106931393530E-1   4.810618050130185E1  -3.478713404045347E1  -5.027843954702101E1  
 2.824561403508772E9    -2.548249158320926E1   1.717509850384942E2  -1.261234977188295   2.925065439503937E1  -7.808473464130044E-1   3.354968258189339E1  -3.250348236234945E1  -1.345735772642247E2  
 2.829573934837093E9    -2.441124861346750E1   1.442055510449576E2  -1.255721243645737   1.557392910338785E1  -7.940529486986393E-1   1.923381641614848E1  -2.758374698416569E1   1.670032385529594E2  
 2.834586466165414E9    -2.554770274771472E1   1.177282558215383E2  -1.264450575149764   3.200081968914561  -8.172900115443474E-1   7.243044339590747  -2.521957967521243E1   1.381116158249511E2  
 2.839598997493734E9    -2.602010908861779E1   9.317877410084108E1  -1.270505952656006  -1.083839699883076E1  -8.363307815025880E-1  -7.674228571759762  -2.415293694505649E1   1.194215148344608E2  
 2.844611528822055E9    -2.739469273592894E1   5.176388032204911E1  -1.266350916589780  -2.458300782696978E1  -8.145515141574814E-1  -2.018229041783122E1  -2.469871848669110E1   1.079189936466041E2  
 2.849624060150376E9    -2.862237144421619E1   1.536329226154612E1  -1.290755040255857  -3.842952990255489E1  -7.677724285294031E-1  -3.360241070256777E1  -2.765498512281200E1   8.389674016253643E1  
 2.854636591478697E9    -2.796571806330448E1  -4.131176418800249E1  -1.271113668626237  -5.003074448123307E1  -7.788455427536781E-1  -4.787159845975258E1  -2.947983854169167E1   4.794433819553377E1  
 2.859649122807017E9    -2.578626345439183E1  -7.133535748173193E1  -1.265536284439249  -6.367836665210518E1  -7.460076003815750E-1  -6.067831436483711E1  -4.303351001026346E1   1.880922229599253E1  
 2.864661654135338E9    -2.385666918355829E1  -1.186528694071531E2  -1.262064374615366  -7.675616045879498E1  -8.056035467038089E-1  -7.445020791328861E1  -3.146354094528103E1  -1.259886580493031E2  
 2.869674185463659E9    -2.306035391887795E1  -1.486332160889937E2  -1.262071783237863  -9.076479639920999E1  -8.370651129416697E-1  -8.842110094817993E1  -2.467274485620829E1  -1.607169441859641E2  
 2.874686716791980E9    -2.123457176103015E1  -1.744483091893537E2  -1.238472038414095  -1.033545257800264E2  -8.956150060197314E-1  -1.033435690122721E2  -2.329308433705974E1  -1.766977171686916E2  
 2.879699248120301E9    -2.080112017970102E1   1.656184775543229E2  -1.236180268373125  -1.167604483344096E2  -8.979123417556485E-1  -1.153379486742041E2  -1.997787271398455E1   1.597085154445785E2  
 2.884711779448622E9    -2.095241736723956E1   1.369944606743497E2  -1.247865871507691  -1.311201217855832E2  -9.067011703890934E-1  -1.296582644945656E2  -1.960733957276792E1   1.418569057483991E2  
 2.889724310776942E9    -2.048237896367369E1   1.189184600937418E2  -1.260552380646919  -1.435732291671679E2  -9.045829961647067E-1  -1.413477762850783E2  -2.000862475120099E1   1.231797605711548E2  
 2.894736842105263E9    -2.150276066444683E1   9.690810972317294E1  -1.266367065227869  -1.566578015941332E2  -8.680803228311119E-1  -1.550215432274558E2  -2.041244604889021E1   1.109020245526257E2  
 2.899749373433584E9    -2.195552453422560E1   7.391841838219347E1  -1.224431357462097  -1.718894952609305E2  -8.463569595700546E-1  -1.691272116151916E2  -2.153560069560537E1   9.497424234397808E1  
 2.904761904761905E9    -2.574109424580910E1   4.449409358004647E1  -1.225826814909099   1.765870760102971E2  -8.070501983831157E-1   1.784324730285538E2  -2.349791958337515E1   7.368622308108733E1  
 2.909774436090226E9    -2.702158408635039E1   3.206163434864803E1  -1.188846315680917   1.640828450816495E2  -8.098732392275412E-1   1.644790312034080E2  -2.646313700711819E1   6.347807697102424E1  
 2.914786967418547E9    -3.169588753945310E1  -2.644042261229094  -1.164165681353695   1.494260280169571E2  -8.469470359795878E-1   1.504387450057925E2  -3.169737965018418E1   7.914807738799739E1  
 2.919799498746867E9    -4.049229794114898E1  -6.582626062473491E1  -1.149858531737519   1.358607536805152E2  -8.464951644517582E-1   1.372903052955247E2  -4.323030422409619E1   1.079563502803611E2  
 2.924812030075188E9    -3.213352351645110E1  -1.714165073956906E2  -1.149864505427492   1.212137926533718E2  -8.492081242243957E-1   1.238817027715409E2  -3.997578493634839E1   1.472949915331502E2  
 2.929824561403509E9    -2.799381124695281E1   1.659042774436539E2  -1.166123523361637   1.087088408283169E2  -8.668819743714130E-1   1.105789997311084E2  -3.189470400833396E1   1.408874042266331E2  
 2.934837092731830E9    -2.670858567542055E1   1.291160048953369E2  -1.175335594507304   9.512743793422807E1  -8.734385650386012E-1   9.630915491823289E1  -2.844911000140773E1   1.366134342877803E2  
 2.939849624060150E9    -2.401173647915663E1   1.060367352411846E2  -1.194464316631567   8.082607889067513E1  -8.696641129739946E-1   8.338006530521192E1  -2.911557929741909E1   1.270806365693790E2  
 2.944862155388472E9    -2.333304438342305E1   8.702141526089093E1  -1.207293870936769   6.986405827406433E1  -8.690280605643228E-1   7.002390584811866E1  -3.087483940717103E1   1.331204356260584E2  
 2.949874686716792E9    -2.473924746687205E1   6.565429836958415E1  -1.199970333168902   5.603974385519070E1  -8.494742342072409E-1   5.685518536631476E1  -2.904733894809825E1   1.370396573817457E2  
 2.954887218045113E9    -2.441214933127154E1   3.406905793708466E1  -1.180215879840042   4.300491838425800E1  -8.598790530583166E-1   4.299975308303781E1  -3.125378143807070E1   1.691751675050681E2  
 2.959899749373434E9    -2.817475205314810E1   7.840950775285842E-1  -1.148042436269219   2.863081001736377E1  -8.557471885586837E-1   2.995437094690899E1  -2.741213935265599E1   1.509284749720654E2  
 2.964912280701755E9    -2.998415347560207E1  -2.848225060382089E1  -1.119637745952303   1.417725070302440E1  -8.491126293781404E-1   1.641324723488724E1  -2.861297403293785E1   1.490618144146413E2  
 2.969924812030075E9    -3.347125480169623E1  -6.440481537755250E1  -1.122625932562272   1.888040009381814  -8.457973082502285E-1   3.115364602833653  -2.601812223495690E1   1.397827961103292E2  
 2.974937343358396E9    -2.965332749775123E1  -1.349934881892503E2  -1.156121423142788  -1.241585590378729E1  -8.258363577053797E-1  -1.107065049951886E1  -2.879542058998286E1   1.252448059220580E2  
 2.979949874686717E9    -2.762113076274745E1   1.773252108104450E2  -1.170110198541291  -2.458306726690757E1  -8.476736534810409E-1  -2.421181890404202E1  -3.436490162808548E1   1.372502259750741E2  
 2.984962406015038E9    -2.446909593148196E1   1.582548482329216E2  -1.209531034827243  -3.779391253715492E1  -8.578298283307455E-1  -3.883814267732991E1  -3.371440660923287E1   1.562200112654888E2  
 2.989974937343359E9    -2.372192307310861E1   1.383062000931101E2  -1.194154447432441  -5.065366868064903E1  -8.745241383800485E-1  -5.098586880850256E1  -3.286837635987958E1   1.790589266288987E2  
 2.994987468671680E9    -2.449110248701701E1   1.109832410382332E2  -1.187970032141287  -6.341236393205153E1  -8.773581552884097E-1  -6.409954280734335E1  -2.918202981560246E1   1.766288209738198E2  
 3.000000000000000E9    -2.584932157735517E1   8.784796832919504E1  -1.150045588068980  -7.653368514848256E1  -8.406608710619047E-1  -7.712316435003623E1  -2.503341795851262E1   1.734483810275804E2  