#  HZ   S   DB   R     50.0000 
! Rohde & Schwarz ZVA/B 
! 
! 
! 

 1.000000000000000E9    -2.275929856462862E1   1.785628202130437E2  -5.916650542296142E-1  -1.243324457010366E2  -5.046170980488275E-1  -1.219364564282580E2  -3.604446750255740E1  -8.319691135493626E1  
 1.005012531328321E9    -2.031319165878252E1   1.353119216103354E2  -6.370172084939552E-1  -1.343882626317480E2  -5.217171788199729E-1  -1.343402069982292E2  -3.123858622314705E1   1.200097884309718E2  
 1.010025062656642E9    -2.005097733285131E1   8.225451247273331E1  -6.646351757602296E-1  -1.507191483133949E2  -5.513645009621186E-1  -1.496400899368623E2  -3.541676006155951E1   1.769641769089585E2  
 1.015037593984963E9    -2.173713510373643E1   5.836386432535425E1  -6.383257716947732E-1  -1.630136330121287E2  -5.532620119100843E-1  -1.631930562662167E2  -3.538823013297759E1   6.906636806964802E1  
 1.020050125313283E9    -1.976350154942233E1   1.542271649223082E1  -5.688955555324375E-1  -1.755166470309797E2  -5.015170934143639E-1  -1.758337150744285E2  -3.592323671324942E1   5.535390990511652E1  
 1.025062656641604E9    -1.986365273951808E1  -2.398497534252029E1  -4.699116446058835E-1   1.692173129960900E2  -4.925526895497392E-1   1.699818209402968E2  -3.915947795430531E1  -6.596062500839864  
 1.030075187969925E9    -1.948740096561665E1  -5.955059346506859E1  -4.224590478227988E-1   1.569708410404417E2  -5.058511435981081E-1   1.569253015366026E2  -3.056432594049401E1  -1.510173287032911E1  
 1.035087719298246E9    -1.789050350592164E1  -8.913263162570793E1  -4.537623138018704E-1   1.414674677995048E2  -4.946791975149549E-1   1.441742113885056E2  -3.174816196815172E1  -1.166729277495265E2  
 1.040100250626566E9    -1.906551905085465E1  -1.311209826945948E2  -5.037566314975513E-1   1.284619826381752E2  -5.343051667827540E-1   1.306606165136333E2  -2.778713620197788E1  -1.296020818009401E2  
 1.045112781954887E9    -1.741412200388727E1  -1.642533757776418E2  -6.509303037648518E-1   1.159984786156713E2  -5.538879819242705E-1   1.178975184961297E2  -2.496577062142311E1  -1.569236651762498E2  
 1.050125313283208E9    -1.585289285000580E1   1.734832728614194E2  -7.357968151251488E-1   1.030806472269628E2  -5.818917114889310E-1   1.040471146693637E2  -2.241010769324138E1  -1.689220199706781E2  
 1.055137844611529E9    -1.633925714818672E1   1.411233395070117E2  -7.667579974878488E-1   9.073676767333409E1  -6.059276362575896E-1   9.084470103160544E1  -2.367726459784796E1   1.777104358302221E2  
 1.060150375939850E9    -1.686400781917671E1   1.191459935437114E2  -7.151222716013741E-1   7.851222135089435E1  -6.206149516611299E-1   7.719859686414711E1  -2.267662803508971E1   1.585807979160305E2  
 1.065162907268171E9    -1.832964115522790E1   8.661768963908790E1  -5.715880335090887E-1   6.480754177065820E1  -5.867091725177350E-1   6.495164508744958E1  -2.255663310133176E1   1.211967250286629E2  
 1.070175438596491E9    -1.813991405932218E1   4.214364198381138E1  -4.445713964991042E-1   5.225510519858302E1  -5.103036317162872E-1   5.131894839583129E1  -2.204583648923532E1   1.032654583908202E2  
 1.075187969924812E9    -1.904985120088303E1   1.420870575063803E1  -3.842668370056754E-1   3.808224069399853E1  -4.345838945283794E-1   3.867104100380631E1  -2.300769410222070E1   8.973136858949087E1  
 1.080200501253133E9    -1.941238376205407E1  -1.885780583824402E1  -3.533520977189451E-1   2.421425068300794E1  -4.111873516511456E-1   2.400594160225290E1  -2.469786209652505E1   6.287617431644734E1  
 1.085213032581454E9    -1.873294177823756E1  -5.888970848462403E1  -4.338598176235328E-1   9.455466897055752  -4.289349246918921E-1   1.135464992946735E1  -2.625647877025522E1   2.822866576136316E1  
 1.090225563909775E9    -1.993917242323322E1  -9.728011942609767E1  -5.559238082941145E-1  -2.518180251978917  -4.301910922847652E-1  -1.958572474489449  -2.930164368855111E1  -3.394343355746992E1  
 1.095238095238095E9    -1.911131882925253E1  -1.471549143739492E2  -6.438420084532041E-1  -1.611543537008107E1  -4.958817677055922E-1  -1.637013131525419E1  -2.566081697738127E1  -7.925655747244635E1  
 1.100250626566416E9    -1.997059923439044E1  -1.542391686735227E2  -6.466978863209588E-1  -2.888986847818846E1  -5.652955556867018E-1  -2.850773653740388E1  -2.432297694776662E1  -1.139520068322909E2  
 1.105263157894737E9    -1.755321361821476E1   1.571122356394811E2  -5.660209699612450E-1  -4.215717743322962E1  -5.618575842551052E-1  -4.161556340988345E1  -2.269026963895586E1  -1.616159164588925E2  
 1.110275689223058E9    -1.993551003525829E1   1.291910752186046E2  -4.611660636351632E-1  -5.380199657037409E1  -5.137538367000060E-1  -5.379166659590430E1  -2.461768471073900E1   1.754496837023300E2  
 1.115288220551379E9    -1.966773380804336E1   8.278380150877624E1  -3.764691244421962E-1  -6.889667779419980E1  -4.551507208979947E-1  -6.792535337918147E1  -2.274519037801030E1   1.383809003340089E2  
 1.120300751879699E9    -2.110119741920794E1   4.896817757938504E1  -3.678291857648108E-1  -8.222135372396649E1  -3.836972579269520E-1  -8.125512419880104E1  -2.411520925135994E1   1.082750756836703E2  
 1.125313283208020E9    -1.904765558460462E1   1.032789164039868E1  -4.521153275809466E-1  -9.573117506064433E1  -3.657938936888218E-1  -9.451417699497361E1  -2.453821210962042E1   5.776343973426236E1  
 1.130325814536341E9    -1.794566497760607E1  -3.380662048658274E1  -5.809390116741268E-1  -1.102791610072181E2  -4.301657413808095E-1  -1.095854163149831E2  -2.458335440255155E1  -7.643884388112517E-1  
 1.135338345864662E9    -1.762469993204801E1  -6.488260664648504E1  -6.899894066281253E-1  -1.235215136375350E2  -5.553036589256837E-1  -1.228454907843456E2  -2.203646351574446E1  -2.763754409551259E1  
 1.140350877192982E9    -1.533173258889504E1  -9.526597341760767E1  -7.488695315938697E-1  -1.347815550457216E2  -6.581910004943307E-1  -1.364591692903763E2  -1.986096659282119E1  -7.509689835540719E1  
 1.145363408521303E9    -1.648563469546287E1  -1.196838179556360E2  -7.239156957982561E-1  -1.478908641297385E2  -6.886554014304990E-1  -1.478830621653100E2  -1.823407524545940E1  -9.659926618909553E1  
 1.150375939849624E9    -1.640824349575219E1  -1.544376872366820E2  -6.099818783764373E-1  -1.600531329559424E2  -6.464504774515076E-1  -1.604152365280667E2  -1.789781259361484E1  -1.276228441871344E2  
 1.155388471177945E9    -1.628170509407943E1  -1.769716822674888E2  -4.796411666194465E-1  -1.737446905500361E2  -5.476600745010292E-1  -1.733946967070452E2  -1.734400531601912E1  -1.542617172905672E2  
 1.160401002506266E9    -1.746235545478584E1   1.628027131574737E2  -3.804612427106741E-1   1.724457205135380E2  -4.478195767415821E-1   1.728263551723893E2  -1.757089323642733E1   1.775691515470988E2  
 1.165413533834586E9    -1.843952963565699E1   1.263097492834169E2  -3.432808070980571E-1   1.583291396683306E2  -4.082927280211096E-1   1.579835150076618E2  -1.892788839425910E1   1.469644969390772E2  
 1.170426065162907E9    -2.126900498453196E1   7.170036139306474E1  -4.118486821836543E-1   1.447641928809699E2  -3.887920641589109E-1   1.453023139664182E2  -1.778484611301030E1   1.221454733373473E2  
 1.175438596491228E9    -2.119523412676879E1   3.217515966406764E1  -5.091810123690510E-1   1.318727861664141E2  -4.625799702545268E-1   1.308888363756298E2  -2.096954771405084E1   7.795146466493081E1  
 1.180451127819549E9    -2.008451636015960E1  -1.770467338673207E1  -5.683316344518814E-1   1.187025610405696E2  -5.643291474700468E-1   1.191964110217780E2  -2.168616613237657E1   3.702840862161349E1  
 1.185463659147870E9    -1.867502664404718E1  -5.361904861697381E1  -5.811779267506172E-1   1.058122217193974E2  -6.032069562857596E-1   1.048889983854290E2  -2.290523203591377E1  -1.766837349163004E1  
 1.190476190476191E9    -1.848995946189791E1  -8.683029378559284E1  -5.387311327157338E-1   9.230195134399791E1  -6.347720372285619E-1   9.275752802572401E1  -2.047196394631758E1  -6.098089051777530E1  
 1.195488721804511E9    -1.710336238632866E1  -1.193829054420758E2  -4.409268797615445E-1   7.935631841293449E1  -5.931356588853708E-1   7.975170862024778E1  -2.102044008161768E1  -8.314899159891583E1  
 1.200501253132832E9    -1.656849727973580E1  -1.425340300701846E2  -3.957094672668398E-1   6.538754939241254E1  -4.701362334600356E-1   6.727272684870408E1  -1.957519608059997E1  -1.084676212170552E2  
 1.205513784461153E9    -1.754533699677543E1  -1.711262848953286E2  -3.551747579842838E-1   5.282314750725281E1  -4.251440513289893E-1   5.398171301738635E1  -2.038245766443320E1  -1.453196131501468E2  
 1.210526315789474E9    -1.922381870531028E1   1.567822923355418E2  -4.072174793674707E-1   3.832350249936848E1  -3.988683028172830E-1   3.933117289493031E1  -1.983133062932918E1  -1.749764726019176E2  
 1.215538847117795E9    -1.877155930162803E1   1.218423172389268E2  -5.134727136023314E-1   2.529205877370484E1  -4.618457677938192E-1   2.580314099735080E1  -1.980431364198942E1   1.496858780567746E2  
 1.220551378446115E9    -1.985222041010911E1   8.844861733073380E1  -5.480493412467811E-1   1.265228579116416E1  -5.398534302273167E-1   1.309441454811569E1  -2.145112052854663E1   9.000583026040970E1  
 1.225563909774436E9    -2.014781160899861E1   3.103944632801272E1  -5.781689050637903E-1  -1.063663084067339  -6.347019578422736E-1  -4.903611139755591E-1  -2.235130065521733E1   5.116861031273118E1  
 1.230576441102757E9    -1.838541276659191E1   3.316641184659968E-1  -5.544411919425133E-1  -1.263105186512110E1  -6.507286759376080E-1  -1.361944587060563E1  -2.198154502659355E1   8.258966181563499  
 1.235588972431078E9    -1.703566969025911E1  -4.247632988524388E1  -4.749453519987786E-1  -2.709858515396951E1  -6.184713296123231E-1  -2.699782973656599E1  -1.925434373081272E1  -3.083298750289623E1  
 1.240601503759399E9    -1.765144670587788E1  -6.964020050514186E1  -4.256502395837891E-1  -3.884964040053093E1  -5.613055001503946E-1  -4.022720699490868E1  -1.817868907422405E1  -6.653558713954895E1  
 1.245614035087719E9    -1.655965813926850E1  -9.111340306438700E1  -4.014968527830268E-1  -5.370725958314884E1  -4.796610407226898E-1  -5.315476972046618E1  -1.700102178675867E1  -8.899103591496152E1  
 1.250626566416040E9    -1.758274587041278E1  -1.191358814354137E2  -4.051730071470339E-1  -6.711346982582147E1  -4.478331115459764E-1  -6.677318709714884E1  -1.666066798632278E1  -1.198233276101804E2  
 1.255639097744361E9    -1.827991092101316E1  -1.517369556105229E2  -4.508078350737297E-1  -8.059679349395206E1  -4.881237281195170E-1  -8.012398709319385E1  -1.792131362965707E1  -1.577481566840595E2  
 1.260651629072682E9    -1.968460414533453E1   1.683848682146856E2  -5.010402065172269E-1  -9.446341014535078E1  -5.270272974539809E-1  -9.390145236366946E1  -1.957087496862106E1   1.790930312319565E2  
 1.265664160401002E9    -2.173870765238649E1   1.299892463930721E2  -5.248682710827379E-1  -1.075506471822266E2  -5.985052618837315E-1  -1.064918867516619E2  -2.094318422520693E1   1.429306009413512E2  
 1.270676691729323E9    -2.037929318455830E1   9.910688864311081E1  -5.323478965160370E-1  -1.196871144026568E2  -6.146592125146089E-1  -1.204618824148242E2  -2.154825902183222E1   8.963347657182717E1  
 1.275689223057644E9    -1.993659237865938E1   4.917288923303571E1  -5.053637612213847E-1  -1.339903469716491E2  -5.682693314254875E-1  -1.314300669939811E2  -2.027509884202197E1   3.375512809203187E1  
 1.280701754385965E9    -2.003056249316991E1   1.609515116856760E1  -4.704192630670799E-1  -1.453459768865461E2  -5.447331943358083E-1  -1.467074728325636E2  -2.014043715772864E1  -1.160785432360736E1  
 1.285714285714286E9    -1.889986782807909E1  -2.251727259170804E1  -4.526879745078046E-1  -1.593473310340983E2  -5.212379295419811E-1  -1.603455671372596E2  -1.822340729983026E1  -4.018603260443580E1  
 1.290726817042607E9    -1.938051921124383E1  -5.095800290361449E1  -4.350087583397513E-1  -1.737018611630414E2  -5.186092598734916E-1  -1.729489939953499E2  -1.890534148819916E1  -7.662895691751209E1  
 1.295739348370927E9    -1.878112085171949E1  -9.570506060093501E1  -4.661479785849282E-1   1.725880739241555E2  -5.575028034546045E-1   1.739053377166344E2  -1.761295579571208E1  -1.069423675533419E2  
 1.300751879699248E9    -2.004821453941595E1  -1.201199275361744E2  -4.923890183999491E-1   1.590140015157230E2  -5.650163756823705E-1   1.578790203653514E2  -1.731327831999846E1  -1.304236558270636E2  
 1.305764411027569E9    -1.924912558719214E1  -1.594914752409575E2  -5.375597460080707E-1   1.454003783468894E2  -6.490728264912394E-1   1.472045432788149E2  -1.844393442060213E1  -1.792434977148309E2  
 1.310776942355890E9    -1.992539270711054E1   1.622474607401020E2  -5.649376425703122E-1   1.335126929249717E2  -7.016609032378919E-1   1.334178638760978E2  -1.776448178305510E1   1.451082363563431E2  
 1.315789473684211E9    -1.747438466005398E1   1.232402408886066E2  -5.543144455601264E-1   1.196241336572032E2  -6.692556279814225E-1   1.216301219498521E2  -1.697406394396095E1   1.055018467360893E2  
 1.320802005012531E9    -1.647034464241176E1   9.323150760061778E1  -5.823919514583238E-1   1.062759545377562E2  -6.674754801426380E-1   1.084168609542046E2  -1.766694907528965E1   6.965928429338401E1  
 1.325814536340852E9    -1.666728689831371E1   6.389216761958254E1  -5.215620918679393E-1   9.488018013567053E1  -6.845587229944335E-1   9.288337748982769E1  -1.560486371254537E1   2.672895296267651E1  
 1.330827067669173E9    -1.734003364012963E1   3.087008428400409E1  -5.425884933285919E-1   8.036164350352233E1  -6.703344753609452E-1   8.168691877691312E1  -1.553852026220091E1  -2.799592255819510  
 1.335839598997494E9    -1.705760162035429E1   1.415908818493350  -5.335417259630952E-1   6.743351117606703E1  -6.790142568077046E-1   6.731905694676671E1  -1.590874771507250E1  -3.339513391473383E1  
 1.340852130325815E9    -1.910326773954002E1  -3.759561136773097E1  -5.229379648546048E-1   5.321612142407485E1  -6.797597174735877E-1   5.381364932149964E1  -1.579910410728528E1  -6.683375656154183E1  
 1.345864661654135E9    -1.935460928462204E1  -6.670363811613701E1  -5.348734593455424E-1   4.109482915638673E1  -6.552887776731980E-1   4.075129131656416E1  -1.583499605906834E1  -1.008694877006971E2  
 1.350877192982456E9    -1.932594324305338E1  -1.039794295431533E2  -5.209067157862185E-1   2.741712105155849E1  -6.973624237913333E-1   2.818976648975266E1  -1.689799309208650E1  -1.410779269793103E2  
 1.355889724310777E9    -2.027538008088186E1  -1.473415140076725E2  -5.698337056491140E-1   1.409941207324916E1  -6.824948729657598E-1   1.441970003291553E1  -1.737781945525316E1  -1.754436568537920E2  
 1.360902255639098E9    -1.818033562635767E1  -1.766162738073975E2  -5.799900921375065E-1   5.765024701605774E-2  -7.170231323647069E-1   1.774900242835124E-2  -1.794436061853856E1   1.434912561666216E2  
 1.365914786967419E9    -1.877247816563111E1   1.496041724662942E2  -5.988252696175754E-1  -1.152623444501954E1  -7.560110915641604E-1  -1.264511666993943E1  -1.654717321119082E1   1.015200616649542E2  
 1.370927318295739E9    -1.862743313788952E1   1.124986398535909E2  -6.196724705029985E-1  -2.567475593545124E1  -7.756253075978257E-1  -2.741072927306125E1  -1.544894618146407E1   5.458056804104389E1  
 1.375939849624060E9    -1.903176255043242E1   8.138899213902118E1  -6.116178397062194E-1  -3.916917156926390E1  -7.907248140438974E-1  -3.805331329124115E1  -1.585156572380143E1   2.705904544601880E1  
 1.380952380952381E9    -2.105223938497188E1   5.294160087654799E1  -6.190075612779772E-1  -5.236995995688551E1  -7.657445025346986E-1  -5.155330400101584E1  -1.548006598820863E1  -1.067175481786572E1  
 1.385964912280702E9    -2.117018871537004E1   9.249218819930400  -5.901329742731298E-1  -6.592706539847316E1  -7.858294206650092E-1  -6.418107706252953E1  -1.563539811529181E1  -4.082966366091068E1  
 1.390977443609023E9    -2.063901231893346E1  -2.805111714070323E1  -5.720004692425851E-1  -7.946775992455586E1  -7.919077667182941E-1  -7.807832293593346E1  -1.520883609923118E1  -7.487434326620935E1  
 1.395989974937343E9    -2.067164853698733E1  -8.116780582783733E1  -5.875661719442646E-1  -9.431946809120440E1  -7.588473124376864E-1  -9.089790183798340E1  -1.564193572075914E1  -1.126358110650376E2  
 1.401002506265664E9    -1.905972961575789E1  -1.136785959751142E2  -6.372687232519065E-1  -1.076901503413951E2  -8.051471175590153E-1  -1.055017534472167E2  -1.491794253092157E1  -1.469969795338774E2  
 1.406015037593985E9    -1.765689687284774E1  -1.484288032815340E2  -7.077716915101442E-1  -1.203050946373592E2  -8.481005448728076E-1  -1.177992681958628E2  -1.517470351019692E1   1.706984887577509E2  
 1.411027568922306E9    -1.668040985025955E1  -1.720695058957209E2  -7.785985299264077E-1  -1.328930490153196E2  -9.101009725023899E-1  -1.309463836839875E2  -1.461565064249964E1   1.363449882081872E2  
 1.416040100250627E9    -1.528212410353675E1   1.615643158971179E2  -8.379147000095548E-1  -1.462902671276761E2  -9.594911554942893E-1  -1.444356306359346E2  -1.389576644556191E1   1.070852096361534E2  
 1.421052631578947E9    -1.552727177286549E1   1.374130114431555E2  -8.431407322713851E-1  -1.578013340781922E2  -9.780495117251562E-1  -1.581619664723069E2  -1.457329728154044E1   6.977068679703127E1  
 1.426065162907268E9    -1.712209932867581E1   1.044566393396623E2  -7.969159970952627E-1  -1.705323734050838E2  -9.528509192152155E-1  -1.702222811622227E2  -1.434466950873501E1   4.288457234543306E1  
 1.431077694235589E9    -1.826720792733358E1   8.441720098299911E1  -7.190740909433834E-1   1.743058436356980E2  -9.077059907237517E-1   1.767431556878111E2  -1.521887880339447E1   2.961822399188949  
 1.436090225563910E9    -1.946053144905867E1   5.000035489898689E1  -6.632865981417730E-1   1.614695555083694E2  -8.475038218260743E-1   1.645577923125077E2  -1.621411043041636E1  -2.882836232134973E1  
 1.441102756892231E9    -2.102675757897033E1   4.454946318705208  -6.649526816498377E-1   1.484030177531377E2  -8.239052452637170E-1   1.500721739733719E2  -1.623369765152394E1  -6.493650588914998E1  
 1.446115288220552E9    -2.322765242638430E1  -4.233622246298101E1  -6.938433288538721E-1   1.348363700267181E2  -8.460274369182331E-1   1.346750828395543E2  -1.711365996081092E1  -1.136877335618181E2  
 1.451127819548872E9    -2.075707207825425E1  -8.963816694037148E1  -7.438061493173627E-1   1.204542242480895E2  -8.735854185623799E-1   1.241677856993558E2  -1.685049693033670E1  -1.473427036760156E2  
 1.456140350877193E9    -1.877410100339158E1  -1.290478687227019E2  -8.277149979723477E-1   1.077138304800698E2  -9.086357122754935E-1   1.102238597729947E2  -1.601882813079513E1   1.712131209439790E2  
 1.461152882205514E9    -1.774708801710595E1  -1.523672851777361E2  -8.598238438469729E-1   9.474956740974801E1  -9.635555167307497E-1   9.626272770831243E1  -1.562337639010742E1   1.358356138593937E2  
 1.466165413533835E9    -1.814952154364680E1   1.784625822964223E2  -8.647566155966853E-1   8.138482996395527E1  -1.014015043772334   8.333608670338384E1  -1.559267383796048E1   9.800467612191230E1  
 1.471177944862155E9    -1.782260461503015E1   1.466781487297160E2  -8.283692870480637E-1   7.035745162504590E1  -9.896580447546425E-1   6.950936852780311E1  -1.570429141708146E1   6.497332149536932E1  
 1.476190476190476E9    -1.839882357739640E1   1.260354906999677E2  -7.728164982892084E-1   5.520028219213169E1  -9.809969221566921E-1   5.820748092037182E1  -1.624705116033236E1   3.615628445546719E1  
 1.481203007518797E9    -2.095688910906522E1   8.476302633600513E1  -7.794336390139340E-1   4.137603711791990E1  -8.985212353156754E-1   4.470874043719545E1  -1.717134217479385E1  -6.993911448923305  
 1.486215538847118E9    -2.084594730358886E1   4.051455392882173E1  -7.772398291827478E-1   2.968253723584879E1  -8.999569707760515E-1   3.179773009221113E1  -1.632869691338656E1  -4.535181158744091E1  
 1.491228070175439E9    -2.177342744559515E1  -8.572705065693590  -8.171811182896143E-1   1.515627335415205E1  -9.323577492098666E-1   1.829246106120980E1  -1.588667496568055E1  -8.420023563241436E1  
 1.496240601503759E9    -1.899136759376609E1  -5.688171443528958E1  -8.878555242306345E-1   2.016309309694876  -9.870798853039127E-1   3.785134595946624  -1.547638966229804E1  -1.248952237419213E2  
 1.501253132832080E9    -1.759639552812286E1  -8.053036935476186E1  -9.531495272288897E-1  -1.069838459849049E1  -1.063767111419235  -9.542827587462369  -1.518912252356209E1  -1.554614691327928E2  
 1.506265664160401E9    -1.690465713854443E1  -1.085907508669915E2  -1.008331067281779  -2.412399545156455E1  -1.122133690672882  -2.204472256201986E1  -1.499163135965054E1   1.745449902926629E2  
 1.511278195488722E9    -1.527253292835880E1  -1.319067879710298E2  -1.053206962378645  -3.630690716833002E1  -1.151369923342561  -3.406910084911866E1  -1.596164197012413E1   1.449509289861987E2  
 1.516290726817043E9    -1.572867782483673E1  -1.543060743161013E2  -1.038593230915002  -4.898958283864937E1  -1.134677250421474  -4.757273800059015E1  -1.647256524424861E1   1.135955223322813E2  
 1.521303258145363E9    -1.640043512094156E1   1.756660771490394E2  -9.978404159102187E-1  -6.251987663180130E1  -1.052308730244649  -6.140110872442678E1  -1.744521897404788E1   7.421299195994001E1  
 1.526315789473684E9    -1.768395237746204E1   1.495880847367972E2  -9.329381035324134E-1  -7.609457288421494E1  -9.857393223953351E-1  -7.277741492065813E1  -1.950182981952706E1   4.250741154372851E1  
 1.531328320802005E9    -1.930314694521668E1   1.205196065941036E2  -9.087432465681855E-1  -8.903910615795063E1  -9.310065862604212E-1  -8.675350384667459E1  -2.113249161268080E1  -1.013576753029592E1  
 1.536340852130326E9    -2.255153196323962E1   9.170284699970270E1  -9.174896655733084E-1  -1.017311244196163E2  -9.220386218630657E-1  -1.022468876732238E2  -2.032666180664422E1  -7.049201340707639E1  
 1.541353383458647E9    -2.237527102024576E1   3.940559441380339E1  -9.459319883276943E-1  -1.165160772240815E2  -9.937790475894650E-1  -1.145723540736067E2  -1.831098227186326E1  -1.051656300580872E2  
 1.546365914786967E9    -2.286793476447564E1  -1.935288873330316E1  -9.779569671028334E-1  -1.306433352801043E2  -1.063511860968415  -1.299111319242670E2  -1.658698495438189E1  -1.413861203218823E2  
 1.551378446115288E9    -2.150345508622413E1  -5.799392735242704E1  -1.051877727551969  -1.420056129657114E2  -1.155562267569773  -1.375024780280326E2  -1.617114638906301E1  -1.755005807991850E2  
 1.556390977443609E9    -1.953561622103972E1  -8.226669434403983E1  -1.068261949033487  -1.553475095795935E2  -1.188576992413686  -1.518958561495761E2  -1.508341892843074E1   1.524367220978142E2  
 1.561403508771930E9    -1.897948234916166E1  -1.137073220350734E2  -1.056271549613119  -1.685888631394591E2  -1.147051350495957  -1.635378226331009E2  -1.535479450818896E1   1.289753615542665E2  
 1.566416040100251E9    -1.999240997012452E1  -1.475856309212088E2  -1.020600516471046   1.776400630452265E2  -1.055349233205351  -1.777955176198958E2  -1.723873953728656E1   9.087126916908120E1  
 1.571428571428572E9    -2.004279819039029E1  -1.736545499667277E2  -9.695328086080319E-1   1.657257935208255E2  -9.386368403692971E-1   1.683136111099137E2  -1.763007264094856E1   5.692639408350055E1  
 1.576441102756892E9    -2.036571129060228E1   1.520554681136376E2  -9.375449022934562E-1   1.516245032106631E2  -8.970061171047542E-1   1.537859753344273E2  -1.849447866666817E1   6.182863197851303  
 1.581453634085213E9    -2.112939234599125E1   1.078391690810009E2  -9.448219815604293E-1   1.391171210834297E2  -9.284147574217437E-1   1.403700194931189E2  -1.835224482708992E1  -4.374142752212121E1  
 1.586466165413534E9    -2.023978282497143E1   7.138274763624433E1  -1.007980356080481   1.232600588312090E2  -1.016348105799680   1.278183035137193E2  -1.672556749289967E1  -7.696808286110918E1  
 1.591478696741855E9    -1.961288994969275E1   3.860785272926957E1  -1.093331720514797   1.122348686797304E2  -1.134024283319496   1.150060449002666E2  -1.568830298253262E1  -1.058378442519363E2  
 1.596491228070175E9    -2.097972137064775E1   2.479530488767411  -1.156779056503823   9.850145706121178E1  -1.238490685800508   1.013259930251467E2  -1.541202793576230E1  -1.427849174103998E2  
 1.601503759398496E9    -1.881175770219272E1  -2.824117795691875E1  -1.173889367954024   8.572630322401565E1  -1.233125221460895   8.913996868929959E1  -1.562607773599306E1  -1.697626205826286E2  
 1.606516290726817E9    -1.889306117267664E1  -6.072137432992636E1  -1.129678491647082   7.347249443909782E1  -1.129899663520775   7.745298181784439E1  -1.611568334191862E1   1.550359474960817E2  
 1.611528822055138E9    -1.982604258204704E1  -8.569249830150307E1  -1.032011540477739   6.055710852519380E1  -9.919123187207559E-1   6.366779351948994E1  -1.628419333017607E1   1.243158191763559E2  
 1.616541353383459E9    -2.035926947307232E1  -1.156828069744664E2  -9.567648442784844E-1   4.648283747395595E1  -8.020471899260644E-1   5.016091577932010E1  -1.806071954811111E1   8.313038254979543E1  
 1.621553884711780E9    -2.051192005740643E1  -1.445705902919345E2  -9.103242641741320E-1   3.273626443948614E1  -7.331378268341031E-1   3.388501156371145E1  -1.911301791328690E1   3.708077044393959E1  
 1.626566416040100E9    -2.195209599147504E1   1.717524425539178E2  -9.284379270052108E-1   1.941393619936848E1  -8.327744359651389E-1   2.157583888758500E1  -1.832031729410111E1  -9.885797371237050  
 1.631578947368421E9    -2.150223862285114E1   1.316898526136911E2  -9.831991375799222E-1   7.229088761328259  -1.021115799042448   8.551691027226250  -1.679316508194691E1  -5.126895679626117E1  
 1.636591478696742E9    -2.264341569115985E1   9.687379208086067E1  -1.057298704504812  -7.443414645941141  -1.207322645750661  -5.915612659626855  -1.548955235962446E1  -9.010121168811899E1  
 1.641604010025063E9    -2.179747239965252E1   6.573868638774447E1  -1.103941788754734  -1.901655346097608E1  -1.306981950984221  -1.818626243821839E1  -1.487647736625529E1  -1.172357865166826E2  
 1.646616541353384E9    -2.209000571376913E1   3.314531778158839E1  -1.089208828609611  -3.210406614967001E1  -1.279507786120070  -2.989841756768025E1  -1.434465839716748E1  -1.462346741748425E2  
 1.651629072681704E9    -2.385097360984693E1  -1.273452098523974E1  -1.027079276183196  -4.556824152387097E1  -1.131086478223506  -4.203042132796099E1  -1.412879060678023E1  -1.771357384941442E2  
 1.656641604010025E9    -2.336372738014020E1  -3.637662777785489E1  -9.487776042616507E-1  -5.918914563436650E1  -8.919057246810870E-1  -5.461944318898420E1  -1.424320790613595E1   1.562606234439424E2  
 1.661654135338346E9    -2.421277720794667E1  -8.553303636024560E1  -8.727279044490055E-1  -7.318971098016203E1  -6.899261827174874E-1  -6.975547419402747E1  -1.648216005107646E1   1.237561077480154E2  
 1.666666666666667E9    -2.462003271301004E1  -1.236167369146955E2  -8.706244279560654E-1  -8.539098039417998E1  -6.646545058238834E-1  -8.495355147956464E1  -1.713032819977013E1   7.979388119506848E1  
 1.671679197994988E9    -2.305194092049008E1  -1.669879595105412E2  -9.517199845617108E-1  -1.007705967730946E2  -8.141556408692308E-1  -9.803730010904060E1  -1.748200425458429E1   3.808027020539739E1  
 1.676691729323309E9    -2.209702187943885E1   1.636868583879698E2  -1.047608457098231  -1.131176508911039E2  -1.044037029048339  -1.120977058639967E2  -1.719269630653797E1  -7.053958528019242  
 1.681704260651629E9    -1.966177264209011E1   1.322643721833198E2  -1.145303558695952  -1.270658356395915E2  -1.205622510704105  -1.248803046998742E2  -1.596431002554764E1  -4.386615719866326E1  
 1.686716791979950E9    -1.811852450291920E1   1.096032734524108E2  -1.190047324392062  -1.378528668126886E2  -1.251199008829410  -1.364597248252896E2  -1.569365703255151E1  -8.079535250843273E1  
 1.691729323308271E9    -1.888693127552342E1   7.580745138279193E1  -1.121014541987189  -1.512088754390666E2  -1.127620169124064  -1.470657023269690E2  -1.461156288088652E1  -1.002668314666893E2  
 1.696741854636591E9    -1.877071692550173E1   5.600772887533314E1  -9.907064497165790E-1  -1.637117647412427E2  -9.284341866025475E-1  -1.619605137925145E2  -1.527090096973597E1  -1.376892359381247E2  
 1.701754385964912E9    -2.142334610633282E1   3.336891539880114E1  -8.626435727880463E-1  -1.764714508218090E2  -6.882820000524771E-1  -1.748150906382693E2  -1.588399832646217E1  -1.677718029913194E2  
 1.706766917293233E9    -2.348468316971567E1  -4.652020491050934  -7.783258270758415E-1   1.687097002395129E2  -5.601015246190070E-1   1.709937327804911E2  -1.748791376661702E1   1.592246869616706E2  
 1.711779448621554E9    -2.455168117039568E1  -6.635050226985041E1  -7.907047059003973E-1   1.545715029964111E2  -6.214101283532661E-1   1.556821858465383E2  -1.875139455537638E1   1.187149377814036E2  
 1.716791979949875E9    -2.712343691883290E1  -1.006718937169689E2  -8.791871883480945E-1   1.426080911066541E2  -8.205823566631036E-1   1.412197607513178E2  -1.974177800235355E1   7.167029621214168E1  
 1.721804511278195E9    -2.279613881659972E1  -1.667191752193766E2  -1.004051417616996   1.280359104027305E2  -1.032926408319478   1.298457039558036E2  -1.932771546587498E1   2.072719886815301E1  
 1.726817042606516E9    -2.114103406683792E1   1.715069633110444E2  -1.070800369026521   1.152504504703928E2  -1.163516455835851   1.169515056258915E2  -1.771198106786200E1  -1.158422681647250E1  
 1.731829573934837E9    -2.038028093435925E1   1.536164851368810E2  -1.070697602046955   1.021826356728224E2  -1.131965477487164   1.055873278719270E2  -1.607815014361961E1  -4.745777181045612E1  
 1.736842105263158E9    -1.955008398653946E1   1.207375491273343E2  -1.002979446565583   9.062129211822679E1  -9.750888356270174E-1   9.347214745278374E1  -1.584834381662454E1  -7.345963135099251E1  
 1.741854636591479E9    -2.034916378612789E1   1.030269349214069E2  -8.705324320643257E-1   7.778196187053500E1  -7.401732805617064E-1   7.958136237495523E1  -1.605666985581883E1  -1.070095044607421E2  
 1.746867167919800E9    -2.285936862413380E1   7.317570878280817E1  -7.531326482859629E-1   6.369136423774157E1  -5.402073529372268E-1   6.631692312716085E1  -1.672630053676959E1  -1.366043280187202E2  
 1.751879699248120E9    -2.446624334062698E1   3.727820662824251E1  -7.395737390503188E-1   4.945397094766292E1  -4.856633604249221E-1   5.048297616135862E1  -1.795276420734382E1  -1.684419263259151E2  
 1.756892230576441E9    -2.765788698443510E1  -8.741133008091161  -8.070282076982236E-1   3.539938434038613E1  -6.167571528110565E-1   3.590362028552303E1  -1.987487785234113E1   1.555829917371664E2  
 1.761904761904762E9    -2.689447450582346E1  -1.032869927761478E2  -8.962460205636030E-1   2.333874768369397E1  -8.208304256315403E-1   2.222656486765040E1  -2.050759717835446E1   1.167359825136161E2  
 1.766917293233083E9    -2.251530390376721E1  -1.181116619201003E2  -1.017194143742611   8.472952252862697  -9.640273130919088E-1   1.068899700594473E1  -2.131283550998206E1   6.679503796262033E1  
 1.771929824561404E9    -2.022153184891057E1  -1.521091577262641E2  -1.101483744520172  -4.364178489850858  -1.021489446383395  -1.226485809712035  -2.042758784466841E1   2.199021365529084E1  
 1.776942355889724E9    -1.982491205008229E1  -1.713212476458598E2  -1.061724183708659  -1.613420034598867E1  -9.676804950218289E-1  -1.398466681761939E1  -2.075234165202284E1  -1.471939869250041E1  
 1.781954887218045E9    -1.834606923357486E1   1.661758602199482E2  -9.448283070029969E-1  -2.932180299623216E1  -8.005598058464754E-1  -2.830412487098566E1  -1.905119678409477E1  -4.150243327956054E1  
 1.786967418546366E9    -1.761062579427705E1   1.446448252852515E2  -8.010898778625417E-1  -4.259108288132267E1  -6.407212137267000E-1  -4.223696438017718E1  -1.871255029417865E1  -7.870153031600393E1  
 1.791979949874687E9    -1.912644750310358E1   1.172572490565737E2  -6.991459271937203E-1  -5.646364017932016E1  -5.804441261842936E-1  -5.634290752957532E1  -2.056709824820707E1  -1.102848553095797E2  
 1.796992481203008E9    -2.054583675137723E1   1.057872556252045E2  -6.573199575968785E-1  -6.983559025681402E1  -6.264671721339854E-1  -6.853387104586791E1  -2.189324718259393E1  -1.467768420791115E2  
 1.802005012531328E9    -2.528890559701314E1   6.913047857769695E1  -7.159440471906604E-1  -8.376768425084899E1  -7.470176565520325E-1  -8.326410826966455E1  -2.358117705615874E1   1.735725215273023E2  
 1.807017543859649E9    -2.967406399691653E1   2.766681507937706  -8.539845593438330E-1  -9.675292991281084E1  -8.907250962152217E-1  -9.627614531238984E1  -2.488241706460183E1   1.234913137227440E2  
 1.812030075187970E9    -2.710742277374067E1  -6.775202529033552E1  -9.235481848352422E-1  -1.094223906550100E2  -9.715320365655398E-1  -1.075284491037078E2  -2.301464257893132E1   8.230519220476687E1  
 1.817042606516291E9    -2.301233641332760E1  -8.939185427353725E1  -9.653562271169772E-1  -1.219461514940140E2  -9.388008768690996E-1  -1.205953815509097E2  -2.349084802840428E1   3.451735287627755E1  
 1.822055137844612E9    -2.093776631812807E1  -1.279621751390304E2  -9.260221947126077E-1  -1.355183687418709E2  -8.232394118601055E-1  -1.335856793822892E2  -2.214859516703484E1   2.961160637574211  
 1.827067669172932E9    -1.897453103697681E1  -1.438862674625916E2  -8.219986056215585E-1  -1.463732796255981E2  -6.885389224687170E-1  -1.472820045956035E2  -2.113274471124750E1  -3.276465733774060E1  
 1.832080200501253E9    -1.825271679071659E1  -1.677467124063769E2  -7.079138541796105E-1  -1.608968246191714E2  -6.181226848987768E-1  -1.604502879547852E2  -2.256558761488110E1  -5.599045247844820E1  
 1.837092731829574E9    -1.947532302330320E1   1.672794700483698E2  -6.437709037539361E-1  -1.754147903706892E2  -6.737027282075562E-1  -1.756659989371542E2  -2.308890580148811E1  -1.016834258669678E2  
 1.842105263157895E9    -2.264397007695833E1   1.347487076342809E2  -6.539196557249086E-1   1.713972030283031E2  -7.951708590768942E-1   1.710000073488335E2  -2.543781843964898E1  -1.418019373404994E2  
 1.847117794486216E9    -2.386913398411603E1   1.105325392094399E2  -7.167028890966039E-1   1.566698095001591E2  -9.215943655767933E-1   1.587234137091327E2  -2.539328402102192E1  -1.773729435666270E2  
 1.852130325814536E9    -2.747756819600740E1   6.384295152987126E1  -8.373777947802823E-1   1.444395377069457E2  -9.558962249121674E-1   1.461582881137668E2  -2.345650138248080E1   1.236546070899075E2  
 1.857142857142857E9    -2.609147753957890E1   2.557538522675724E1  -9.173553211856640E-1   1.318625421193613E2  -9.534319749165980E-1   1.347877791187472E2  -2.324984473168035E1   1.024199946128355E2  
 1.862155388471178E9    -2.310733214940464E1  -4.655690933525029E1  -9.339628410600900E-1   1.185429332352465E2  -8.840295918700973E-1   1.200863129106862E2  -2.276832249024082E1   6.458817878475773E1  
 1.867167919799499E9    -2.148008337446755E1  -6.853169280131959E1  -8.833560161018466E-1   1.050980846660894E2  -7.836290944998929E-1   1.070905130773103E2  -2.435729328225389E1   3.040592785687187E1  
 1.872180451127820E9    -2.111301007199366E1  -9.323087050821891E1  -7.863254273601816E-1   9.322909559853045E1  -6.733801573923741E-1   9.217367573924214E1  -2.415113769075249E1  -1.041839966600658E1  
 1.877192982456141E9    -1.936601492394046E1  -1.209135796804554E2  -6.892537361190787E-1   7.982919321585872E1  -6.723188373827421E-1   7.941118853137436E1  -2.486361657723674E1  -4.044627171380162E1  
 1.882205513784461E9    -1.970456137734367E1  -1.393507646704220E2  -6.311981100046997E-1   6.407510278341086E1  -7.998262909693956E-1   6.503623520214107E1  -2.523645948031048E1  -8.862499747785402E1  
 1.887218045112782E9    -2.084062960763490E1  -1.687937196650378E2  -6.662843978332994E-1   5.194920492484675E1  -9.039969007790151E-1   5.303144058721956E1  -2.440837312788460E1  -1.269539480998781E2  
 1.892230576441103E9    -2.211476094412811E1   1.675022471782655E2  -7.409505085615784E-1   3.655483838644885E1  -1.007480234325931   4.005825468479207E1  -2.347215865628835E1  -1.779262917761081E2  
 1.897243107769424E9    -2.317453326841336E1   1.346332259452348E2  -8.682657740049724E-1   2.464148431897374E1  -1.035242876405294   2.613482948221758E1  -2.201405249966870E1   1.486428847956240E2  
 1.902255639097745E9    -2.532886046022396E1   8.867690983338152E1  -9.314109341993218E-1   1.135244327478334E1  -9.796158707830583E-1   1.489678634297128E1  -2.112352045954532E1   1.174966135830004E2  
 1.907268170426065E9    -2.472466215268598E1   5.401958458948570E1  -9.340005697645957E-1  -6.926339492674194E-1  -8.600353678086792E-1   1.341775495887849  -2.091072460828711E1   9.718716627450553E1  
 1.912280701754386E9    -2.543204493094011E1   4.504291935975441  -8.808665976105519E-1  -1.345171139353068E1  -7.526040674036805E-1  -1.078919565216812E1  -2.185504489410949E1   6.152377197201749E1  
 1.917293233082707E9    -2.374535128534352E1  -3.287225650901587E1  -7.949694788819429E-1  -2.685193220138843E1  -6.803497615151396E-1  -2.618796064910074E1  -2.454650564594165E1   2.921818091102217E1  
 1.922305764411027E9    -2.276557625239174E1  -5.965606798954512E1  -6.937157966430088E-1  -4.042891719817731E1  -6.926045891852105E-1  -4.014741181197687E1  -2.551186460137659E1   3.538018218402779  
 1.927318295739348E9    -2.252167063100722E1  -9.511799140778821E1  -6.430369641613607E-1  -5.439563665254671E1  -7.893199114292988E-1  -5.153397161103654E1  -2.855203618764576E1  -5.078888045030498E1  
 1.932330827067669E9    -2.227085699813464E1  -1.208061508890335E2  -6.856368863948256E-1  -6.807328762022281E1  -8.741099326257853E-1  -6.737598250177170E1  -2.826431986025715E1  -1.058267668610024E2  
 1.937343358395990E9    -2.255947443834916E1  -1.502795668122318E2  -7.586962064914460E-1  -8.052536286999506E1  -9.369712259434297E-1  -7.949828903378320E1  -2.480343330667233E1  -1.497456131868134E2  
 1.942355889724311E9    -2.293068272159156E1   1.536185143689117E2  -8.633744773384422E-1  -9.409566036688422E1  -9.336622535200592E-1  -9.276934377326697E1  -2.254329014665366E1   1.743323756598553E2  
 1.947368421052632E9    -2.447251820260318E1   1.356283300837375E2  -9.295732874425272E-1  -1.065719926963178E2  -8.895563364853024E-1  -1.052326549945354E2  -2.154908357882441E1   1.637794225481591E2  
 1.952380952380952E9    -2.124823229285421E1   1.113681787934457E2  -9.213824414552858E-1  -1.192541868858637E2  -8.045776062128850E-1  -1.180954451973923E2  -2.129510722647737E1   1.455857691119975E2  
 1.957393483709273E9    -2.147792073760623E1   6.374864445806436E1  -8.556760050660743E-1  -1.322691327148297E2  -7.150293944279862E-1  -1.304719599921725E2  -2.110868560659122E1   1.209545977272168E2  
 1.962406015037594E9    -2.116645508359630E1   4.469311610683235E1  -7.698056331025389E-1  -1.470369998145959E2  -6.703495835547743E-1  -1.446841297868657E2  -2.291307728886281E1   1.106581110138262E2  
 1.967418546365915E9    -2.190208258346971E1   2.463213338722477E1  -6.656161606165123E-1  -1.594204055111321E2  -6.698121897563721E-1  -1.580138811578147E2  -2.554861360740764E1   8.631571996020547E1  
 1.972431077694236E9    -2.477379835981161E1  -6.003361196800658  -5.979260160243273E-1  -1.730876560911106E2  -7.058887344446595E-1  -1.716869454114927E2  -3.131480977089631E1   5.750555299620492E1  
 1.977443609022556E9    -2.363527079599965E1  -3.514876960883967E1  -6.102345617031875E-1   1.730571018004155E2  -7.434958027402969E-1   1.754005263849462E2  -3.618257332026513E1   8.844410069037136E1  
 1.982456140350877E9    -2.755829962935015E1  -8.391072584273336E1  -6.920586672771041E-1   1.600921518494570E2  -7.873566143939050E-1   1.623005332734734E2  -3.938990907379965E1  -1.271901992300343E2  
 1.987468671679198E9    -2.510603856656315E1  -1.433873269842362E2  -8.035275185085421E-1   1.451751519093020E2  -8.115145863804227E-1   1.483062957435356E2  -2.882720862142294E1  -1.442015238978434E2  
 1.992481203007519E9    -2.414826190942812E1  -1.753642791362738E2  -8.978431265470290E-1   1.322406346186404E2  -8.013565584154014E-1   1.352603400654465E2  -2.535586859280766E1  -1.667783580048068E2  
 1.997493734335840E9    -2.374710074463878E1   1.516394723817286E2  -8.998079828343414E-1   1.203877660737567E2  -7.774187957621925E-1   1.209629824840845E2  -2.569061020724972E1   1.725690101961279E2  
 2.002506265664161E9    -2.165156460405052E1   1.294264343738082E2  -8.739072340968743E-1   1.073300901931065E2  -7.091077953396648E-1   1.101884592606380E2  -2.550856975500093E1   1.630996334098472E2  
 2.007518796992481E9    -2.184208990529495E1   1.034366479478119E2  -7.840812959481875E-1   9.421188802089745E1  -6.849437239650420E-1   9.535283889172827E1  -2.479665012510223E1   1.502090300632090E2  
 2.012531328320802E9    -2.337130146736389E1   8.448793140088623E1  -6.976631951497699E-1   8.235477604280885E1  -6.660062193049916E-1   8.094575104286507E1  -2.526750894777754E1   1.413388507748294E2  
 2.017543859649123E9    -2.287893504223107E1   6.058464454577381E1  -6.315978461407249E-1   6.743216240384648E1  -6.712233912421971E-1   6.838251434763710E1  -2.726652333763600E1   1.310024090721007E2  
 2.022556390977444E9    -2.534508534722176E1   2.691558714099249E1  -6.424338364122439E-1   5.422327758728356E1  -6.997257385523893E-1   5.497152071590342E1  -2.780577511788732E1   1.545500376106176E2  
 2.027568922305764E9    -3.071793475923601E1  -2.409896159787813E1  -7.199903139678038E-1   3.928546834587881E1  -6.925919815560635E-1   4.198999394514686E1  -3.340353200521261E1   1.447000554021656E2  
 2.032581453634085E9    -3.200568156551650E1  -8.818553240478002E1  -7.951941331257686E-1   2.718435212634266E1  -7.081301358672906E-1   2.821883066471332E1  -3.572444855690749E1  -1.579940735689669E2  
 2.037593984962406E9    -2.776460258735772E1  -1.415767781705819E2  -8.495016602172364E-1   1.376243108459375E1  -7.338283544751589E-1   1.555055432523689E1  -3.104152842771198E1  -1.555679166434001E2  
 2.042606516290727E9    -2.333371242891144E1  -1.709075588731634E2  -8.632145653170948E-1   1.013192855117459E-1  -7.164408290689071E-1   2.053310961511563  -3.241560603987755E1  -1.577053453377576E2  
 2.047619047619048E9    -2.155846337518554E1   1.707058391856328E2  -7.975305240305470E-1  -1.126550530920608E1  -7.092491207038357E-1  -1.077262909835486E1  -2.922280429167068E1  -1.385445187564885E2  
 2.052631578947369E9    -2.041641919972230E1   1.521823847351655E2  -7.105585141138939E-1  -2.357243756447348E1  -7.058270897194972E-1  -2.406938580961635E1  -2.486308532590767E1  -1.357285188046832E2  
 2.057644110275689E9    -2.068618862562184E1   1.292514728098358E2  -6.009074202953022E-1  -3.751460654357887E1  -6.725009248591624E-1  -3.716008378931061E1  -2.338815971479698E1  -1.487046876185747E2  
 2.062656641604010E9    -2.135925253464772E1   1.113050456509832E2  -5.486955605242624E-1  -5.209295759227669E1  -6.523712460122003E-1  -5.045530014324766E1  -2.273070844290673E1  -1.574399773587136E2  
 2.067669172932331E9    -2.261758921419393E1   8.946408662868463E1  -5.532150177224597E-1  -6.520482359156010E1  -5.988358457631176E-1  -6.535683922604811E1  -2.101532845253459E1  -1.768724213389058E2  
 2.072681704260652E9    -2.557250134515075E1   7.458131933848409E1  -6.127698931922033E-1  -7.922907427707820E1  -5.886312994414892E-1  -7.732187524175134E1  -2.196589623802300E1   1.666276758585107E2  
 2.077694235588973E9    -3.406446369635441E1   5.478540223267991E1  -6.617840505038352E-1  -9.226049832985278E1  -6.673439046727311E-1  -9.260006682928626E1  -2.298833425818031E1   1.524217437153369E2  
 2.082706766917293E9    -3.383782476127870E1  -1.401909071809479E2  -7.035054878737723E-1  -1.054341239108591E2  -7.314491032469656E-1  -1.048835590844062E2  -2.473045788959470E1   1.264868004061513E2  
 2.087719298245614E9    -2.709718015733931E1  -1.146042005523491E2  -6.933302915718265E-1  -1.181389065954642E2  -7.988197848670869E-1  -1.169835275717784E2  -2.868829755858726E1   9.429473683072347E1  
 2.092731829573935E9    -2.581599669397842E1  -1.571931509904638E2  -6.353015612544202E-1  -1.304719823681928E2  -8.152061610013699E-1  -1.303995399015696E2  -3.119407771256778E1   4.055456596760610E1  
 2.097744360902256E9    -2.185868902905849E1  -1.696242691794005E2  -5.461521797580894E-1  -1.452726750475799E2  -8.000179369151194E-1  -1.444883227800534E2  -2.969781684219020E1  -2.402873670036407E1  
 2.102756892230577E9    -2.221912142773394E1   1.717778297172699E2  -5.228566757065957E-1  -1.590100827549240E2  -7.350100709346883E-1  -1.567247140322271E2  -2.488198997494582E1  -7.605962474013410E1  
 2.107769423558897E9    -2.223576208259300E1   1.572456456966530E2  -5.279841432067661E-1  -1.720338967261579E2  -6.488784143033785E-1  -1.684981231631254E2  -2.175012800448859E1  -1.099119777459943E2  
 2.112781954887218E9    -2.337561340011146E1   1.289947059034330E2  -5.684143222590259E-1   1.736717035995528E2  -5.855607581923182E-1   1.764144311890975E2  -2.026109471894929E1  -1.259957952729843E2  
 2.117794486215539E9    -2.583117951517507E1   1.054537969164453E2  -6.365458692356200E-1   1.605222940090418E2  -5.734008198554903E-1   1.614405293817649E2  -2.002313593078206E1  -1.483237691366196E2  
 2.122807017543860E9    -2.830250193307786E1   7.362220447802301E1  -7.076928173417399E-1   1.481166016206823E2  -6.638141576042793E-1   1.489866987526160E2  -2.107950211767081E1  -1.720298592083160E2  
 2.127819548872181E9    -3.507620811072209E1  -7.670410099486998  -7.079339456845494E-1   1.364698589242619E2  -7.626862036031639E-1   1.359694061717311E2  -2.368274583520965E1   1.494161065536058E2  
 2.132832080200501E9    -2.703505939177995E1  -8.008957248692551E1  -6.788248403104872E-1   1.206803842055809E2  -8.089538329515883E-1   1.237099349080349E2  -2.358302295870503E1   1.219803967389739E2  
 2.137844611528822E9    -2.504332960800978E1  -1.005120203514498E2  -5.998145058122819E-1   1.090452434502105E2  -8.081963567912621E-1   1.091019390247192E2  -2.892851614139749E1   7.245085512329366E1  
 2.142857142857143E9    -2.251828398070197E1  -1.214982844327948E2  -5.540825869161999E-1   9.553399172337372E1  -7.660192674784497E-1   9.683428138234858E1  -2.765140659852977E1   7.602656134646860  
 2.147869674185464E9    -2.142094793718030E1  -1.411352882338732E2  -5.521285398573682E-1   8.040409283709705E1  -6.385967162092385E-1   8.341927573627142E1  -2.353623167339771E1  -3.449500137436465E1  
 2.152882205513784E9    -2.289136640922397E1  -1.602354214222102E2  -6.020210737579195E-1   6.779325887465149E1  -5.417241436983141E-1   7.067255576422303E1  -2.140212960205666E1  -7.119237832651045E1  
 2.157894736842105E9    -2.279169843705193E1   1.722623412710911E2  -6.555939800898668E-1   5.447954241057086E1  -5.177319246439360E-1   5.720098405024370E1  -1.989619773324072E1  -9.839879533104079E1  
 2.162907268170426E9    -2.475830461419399E1   1.567535643244248E2  -7.034277433073741E-1   4.017049558853903E1  -6.115578172413172E-1   4.219091436493675E1  -1.885774433430778E1  -1.262239262031587E2  
 2.167919799498747E9    -3.016640460268030E1   1.332603713576186E2  -7.241154585646342E-1   2.837276486564475E1  -7.305616632682618E-1   2.851360339508030E1  -1.861054833027577E1  -1.517921537107091E2  
 2.172932330827067E9    -3.201872801557990E1   8.986749071645095E1  -7.188620988186752E-1   1.546510738587864E1  -8.371707486512411E-1   1.490080871677433E1  -1.919462311035055E1  -1.772073654520191E2  
 2.177944862155389E9    -3.399286389507763E1  -2.534127092527478E1  -6.737812870078053E-1   2.711847553146349  -8.921695738383585E-1   3.939481046952198  -2.038589281631960E1   1.583366156701933E2  
 2.182957393483709E9    -2.853101015740055E1  -7.709342960114952E1  -6.323500664436851E-1  -1.128055472306716E1  -8.658960606706547E-1  -9.905414293135179  -2.316166128501907E1   1.215025324044494E2  
 2.187969924812030E9    -2.457704003043227E1  -1.081748536645431E2  -6.377318178892819E-1  -2.515449469240098E1  -7.936359540088094E-1  -2.194197414945995E1  -2.381979247984115E1   7.603701575117952E1  
 2.192982456140351E9    -2.335138024605858E1  -1.195939846046169E2  -6.812834458085659E-1  -3.966749142107079E1  -7.092103861941139E-1  -3.510764022479861E1  -2.607275255602995E1   3.220353367730302E1  
 2.197994987468672E9    -2.390165582046391E1  -1.462735746220302E2  -7.872878380728197E-1  -5.199989556952961E1  -6.249252110951790E-1  -4.924213930218679E1  -2.330965252795305E1  -1.628531692960935E1  
 2.203007518796992E9    -2.194906830864985E1  -1.795204242844783E2  -8.611550171939465E-1  -6.460994632801207E1  -6.344685296994563E-1  -6.335593418285123E1  -2.503333031321517E1  -6.422874428276980E1  
 2.208020050125313E9    -2.294651687568502E1   1.593981956058752E2  -9.000603258959076E-1  -7.887235259630671E1  -7.313935690569469E-1  -7.547113574148327E1  -2.520633744647664E1  -9.378663165519788E1  
 2.213032581453634E9    -2.371300504834405E1   1.272515563611085E2  -8.947141125991193E-1  -8.978554606972958E1  -8.378528758934024E-1  -9.145425681124831E1  -2.233922685885043E1  -1.362519275739995E2  
 2.218045112781955E9    -2.463883417134487E1   8.631698617410650E1  -8.238236923866588E-1  -1.045606249792662E2  -8.788853397718446E-1  -1.037144983508046E2  -2.295010448285561E1  -1.773744027829166E2  
 2.223057644110276E9    -2.499987969424145E1   6.958035378819257E1  -7.432377502423021E-1  -1.164912964735082E2  -8.598556285490450E-1  -1.159429649342962E2  -2.468555002892732E1   1.491059230910517E2  
 2.228070175438597E9    -2.376682219896566E1   2.201310381059488E1  -6.893628430502413E-1  -1.314680970638994E2  -7.886671181633379E-1  -1.304501722147827E2  -2.303436261492784E1   9.876807169621296E1  
 2.233082706766917E9    -2.328061414583659E1  -8.468284595817293  -7.038193951284093E-1  -1.447729580515590E2  -7.063078108854651E-1  -1.415462585653161E2  -2.260732989809056E1   6.154842508090916E1  
 2.238095238095238E9    -2.270282644140752E1  -4.658978645818444E1  -7.620216780350619E-1  -1.578334838586996E2  -6.869595082180247E-1  -1.566237880277448E2  -2.203397237457491E1   2.047246907615937E1  
 2.243107769423559E9    -2.331108319705895E1  -6.727948692512813E1  -8.433404083881938E-1  -1.712595629341973E2  -7.193323102631900E-1  -1.691738014715192E2  -2.186711116664128E1  -6.103139820239133  
 2.248120300751880E9    -2.284756707631286E1  -1.132140352951544E2  -9.466358801852715E-1   1.737727878085963E2  -8.168871102031735E-1   1.764140607928529E2  -2.112123017327102E1  -4.645981124858580E1  
 2.253132832080200E9    -2.243895654200989E1  -1.310800737929981E2  -9.799357933649046E-1   1.620773248764084E2  -9.265957546547322E-1   1.628236438566232E2  -2.068613893263035E1  -7.941291891890184E1  
 2.258145363408522E9    -2.428891583471186E1  -1.663301523111321E2  -9.753012341160871E-1   1.490627734070972E2  -9.473982136574538E-1   1.511961992964941E2  -2.193930674051767E1  -1.147660053519595E2  
 2.263157894736842E9    -2.509439286704870E1   1.543970503233008E2  -9.172629211897406E-1   1.357349503205452E2  -9.393495006818737E-1   1.371160607263731E2  -2.273107082987288E1  -1.545224392655032E2  
 2.268170426065163E9    -2.281002646456809E1   1.291113177124610E2  -8.276126433249899E-1   1.240784116395975E2  -8.419990513531771E-1   1.240717773889182E2  -2.286489464491483E1   1.666772225839794E2  
 2.273182957393484E9    -2.468532529425007E1   8.886112214446237E1  -8.190476960010862E-1   1.095028412777014E2  -7.578777267605363E-1   1.108156592848818E2  -2.239680257261563E1   1.269759134898146E2  
 2.278195488721805E9    -2.544976690844505E1   5.053837169676101E1  -8.492911872456574E-1   9.504197558594552E1  -7.668041421480020E-1   9.800848573859872E1  -2.142214073124007E1   8.092840555466268E1  
 2.283208020050125E9    -2.611289540917138E1   1.738560969594566E1  -9.340243058996237E-1   8.276831728817358E1  -8.258640781317752E-1   8.327915814267962E1  -2.171176747232257E1   4.982076330796067E1  
 2.288220551378446E9    -2.566551236671933E1  -2.409553796564158E1  -9.972686950806960E-1   6.880400277372267E1  -9.345016706073140E-1   6.933666141920314E1  -2.115590650505022E1   9.880874904746152  
 2.293233082706767E9    -2.501457987856606E1  -6.930111507897887E1  -1.034586445600497   5.587742597946819E1  -1.023591168087236   5.766302648891529E1  -2.169683578277203E1  -3.188246787424155E1  
 2.298245614035088E9    -2.423052897994937E1  -1.105399015762716E2  -1.017570175852791   4.426978230819646E1  -1.057571916566711   4.435954931869268E1  -2.146249613468120E1  -7.656136731920525E1  
 2.303258145363409E9    -2.193864593643900E1  -1.539814856911446E2  -9.412906166991579E-1   3.083318767204789E1  -1.002911750880044   3.267426289238964E1  -1.965728026109079E1  -1.168061325815835E2  
 2.308270676691730E9    -2.031579759472993E1  -1.797833535201734E2  -8.987814876460384E-1   1.682998434959201E1  -8.442486169761462E-1   1.894328971596541E1  -1.784670378236095E1  -1.543867513345544E2  
 2.313283208020050E9    -1.925650733800593E1   1.508991096405423E2  -8.705969338576933E-1   3.649809186134118  -7.525977438426974E-1   6.045942905969159  -1.680464669615561E1   1.724639030306785E2  
 2.318295739348371E9    -1.837686963762232E1   1.316651069733033E2  -8.958058551109155E-1  -9.221674117334755  -7.622578100654761E-1  -7.730354657958628  -1.623397387525230E1   1.441224549949398E2  
 2.323308270676692E9    -1.759789145686471E1   1.043388737641259E2  -9.876023748389369E-1  -2.380158845775713E1  -8.405846344524596E-1  -2.255086890200973E1  -1.591899610580491E1   1.132944300517004E2  
 2.328320802005013E9    -1.810975627227248E1   8.591279246923887E1  -1.104015654328271  -3.667591701759456E1  -9.842493555185450E-1  -3.542726086180824E1  -1.602860486727045E1   8.501141014721220E1  
 2.333333333333334E9    -1.948760490291429E1   4.916793055153509E1  -1.193098507301647  -4.950953567356121E1  -1.155967974732284  -4.939861624750187E1  -1.641727822717472E1   5.696602670349347E1  
 2.338345864661655E9    -1.988416185503330E1   2.743282008483005E1  -1.201450307796992  -6.299208548929289E1  -1.225785136999237  -6.171066055331961E1  -1.643966729821840E1   2.516503002183849E1  
 2.343358395989975E9    -2.241448680247271E1   2.183750754487898  -1.144944565329479  -7.495381088900268E1  -1.153722395998272  -7.394325112392127E1  -1.846750583175809E1  -1.109731437457569E1  
 2.348370927318296E9    -2.492341015963458E1  -4.980158360073082E1  -1.040343805378229  -8.818203748273908E1  -1.000005437137199  -8.741424314922539E1  -1.961466509774156E1  -5.101161442883228E1  
 2.353383458646617E9    -2.359115965483292E1  -1.035589842536794E2  -9.534033798292272E-1  -1.022459631012898E2  -8.491320009995463E-1  -1.011419056538994E2  -1.982760094033966E1  -9.967989198892327E1  
 2.358395989974937E9    -2.382223818804732E1  -1.405131936859813E2  -9.350029752730240E-1  -1.152270970685891E2  -7.843346606393604E-1  -1.150670668757236E2  -1.927194701449774E1  -1.431211677487774E2  
 2.363408521303258E9    -2.254208258841021E1  -1.721057010461512E2  -1.010791703608091  -1.290901982173399E2  -8.638440166667737E-1  -1.293675068476422E2  -1.772957564205721E1   1.764646359384855E2  
 2.368421052631579E9    -2.168106755680293E1   1.554535254733741E2  -1.096825630030886  -1.406375459637759E2  -1.039149005069512  -1.416496905838574E2  -1.718858812828032E1   1.479523884817467E2  
 2.373433583959900E9    -2.044821500845892E1   1.231550085759234E2  -1.158730085035770  -1.551601092602223E2  -1.221133700953172  -1.550120167624984E2  -1.601879738356882E1   1.124806926083019E2  
 2.378446115288220E9    -2.130389781067684E1   1.013856356697876E2  -1.183811935092543  -1.691352477500143E2  -1.310878303395776  -1.675542111714548E2  -1.693391305712439E1   8.380720553223812E1  
 2.383458646616541E9    -2.306767964641830E1   7.253379774885259E1  -1.147847532435195  -1.793449458694103E2  -1.275243285093982  -1.790841681526731E2  -1.678797722992830E1   5.143744195193851E1  
 2.388471177944862E9    -2.490459932128518E1   4.436190400225824E1  -1.038457449050401   1.671827318981703E2  -1.107052447184663   1.679263678849407E2  -1.767066965703962E1   1.266756889499230E1  
 2.393483709273183E9    -2.781880250231263E1  -1.020449496143069E1  -9.360332949367844E-1   1.533108756214481E2  -9.202547151807529E-1   1.556511468404842E2  -1.821145899176578E1  -2.740408746270167E1  
 2.398496240601504E9    -2.673888599646844E1  -7.996617751939391E1  -9.098804139084449E-1   1.390261598534808E2  -8.068950305311369E-1   1.399433972259740E2  -1.804435787444716E1  -7.424369665146728E1  
 2.403508771929825E9    -2.193282201309902E1  -1.144337489630215E2  -9.557755493924217E-1   1.247330859490351E2  -8.875019299997837E-1   1.255664078973845E2  -1.729734977662035E1  -1.150165375023429E2  
 2.408521303258145E9    -2.004171200379846E1  -1.440680465437590E2  -1.064380755173385   1.116328878441768E2  -1.064685307667627   1.111457429108969E2  -1.592738433584485E1  -1.484989645191413E2  
 2.413533834586466E9    -1.821459273582707E1  -1.685038019440638E2  -1.205520172550436   9.801034726133662E1  -1.291810810753248   9.908230462374797E1  -1.512646790159347E1  -1.725814398655236E2  
 2.418546365914787E9    -1.695683755368202E1   1.713469813264090E2  -1.278372068478018   8.581983904199390E1  -1.459441634145483   8.526769819107244E1  -1.448746752879182E1   1.568483041067341E2  
 2.423558897243108E9    -1.717292368497906E1   1.541954668246042E2  -1.289015201308773   7.335802209581634E1  -1.468955692773111   7.217236109461153E1  -1.488043294978875E1   1.282974909482060E2  
 2.428571428571428E9    -1.685425869141433E1   1.333333469853481E2  -1.192995143273198   6.235554904357774E1  -1.341489004829530   6.328355826313324E1  -1.567934106135412E1   1.042451342581620E2  
 2.433583959899750E9    -1.897983461232058E1   1.090438546549819E2  -1.048576181066559   4.690575144334593E1  -1.175059329327640   4.953179982018531E1  -1.663265797598289E1   7.712957107790564E1  
 2.438596491228070E9    -2.140683457603890E1   8.655191129253390E1  -9.103611054680530E-1   3.429256581997012E1  -9.918225797967303E-1   3.679383306027528E1  -1.954387545252580E1   3.985640243366493E1  
 2.443609022556391E9    -2.356526145764764E1   6.380169673151175E1  -8.391708191527851E-1   2.117743563757313E1  -9.573163485022203E-1   2.128037385011456E1  -2.373017900223961E1  -1.153536882763636E1  
 2.448621553884712E9    -3.045395962647878E1   1.683885460611126E1  -8.786778114330290E-1   7.405835193153718  -1.026752122467632   6.364724985755526  -2.422704121098223E1  -7.615365815390645E1  
 2.453634085213033E9    -3.296116328608233E1  -6.205185126319428E1  -9.421586222679177E-1  -7.251416345056091  -1.172957167080951  -6.856928336246432  -2.161797031315833E1  -1.273313877283088E2  
 2.458646616541353E9    -2.632885188066236E1  -1.126468596716159E2  -1.012072552346646  -1.991147209634420E1  -1.354304623492810  -1.887861238845032E1  -1.931630595229265E1  -1.637507803692349E2  
 2.463659147869674E9    -2.577531428136973E1  -1.341673551823408E2  -1.063029807738585  -3.182034419490016E1  -1.362156310748463  -3.030094494375642E1  -1.785462763680019E1   1.703430878789156E2  
 2.468671679197995E9    -2.290084269621543E1  -1.651138992557569E2  -1.030066274960040  -4.606664627319426E1  -1.318915754743541  -4.254062917410120E1  -1.720975222845679E1   1.441816133391206E2  
 2.473684210526316E9    -2.149092241574923E1   1.776834330353591E2  -9.472928503595609E-1  -6.000653363951174E1  -1.201456600898709  -5.591773832694535E1  -1.781075120440991E1   1.143732536729841E2  
 2.478696741854637E9    -2.370079762150872E1   1.507662258352635E2  -8.580428545350252E-1  -7.220327318917057E1  -1.072973662521856  -7.014715129662011E1  -1.903053855534011E1   8.308857681863900E1  
 2.483709273182958E9    -2.494913286216501E1   1.153576180404546E2  -8.169379401970472E-1  -8.622903320692316E1  -1.010173609849539  -8.488360285253684E1  -2.035488104020746E1   4.751603075817368E1  
 2.488721804511278E9    -2.626383178928994E1   8.124546548762426E1  -8.097880083956144E-1  -9.989465874242104E1  -1.087913724727707  -9.870399396762218E1  -2.293376434434632E1  -3.786659595466812  
 2.493734335839599E9    -3.051190130242142E1   4.798211743256941E1  -8.798044707921902E-1  -1.133805119701925E2  -1.163630144983082  -1.118044996118029E2  -2.254664639853262E1  -5.890551323190157E1  
 2.498746867167920E9    -3.094518940701694E1  -1.823105742175233E1  -9.248776685505146E-1  -1.258252279998567E2  -1.322488705268627  -1.257297826477775E2  -2.073155020691437E1  -9.427576282280168E1  
 2.503759398496241E9    -2.637846548501093E1  -6.024591617994501E1  -9.544975380865205E-1  -1.385693279362630E2  -1.388030573938850  -1.398422821570429E2  -1.879162634757534E1  -1.353857103245179E2  
 2.508771929824561E9    -2.413167083976009E1  -9.212731279440237E1  -9.761713428175551E-1  -1.516153003646068E2  -1.327691615334592  -1.504110263210724E2  -1.757435790572535E1  -1.607772116613852E2  
 2.513784461152883E9    -2.289008844896275E1  -1.209616431516153E2  -9.377683556581357E-1  -1.650049121567148E2  -1.186392288407439  -1.634310960558177E2  -1.767264781694940E1   1.741283347769124E2  
 2.518796992481203E9    -2.228139369251883E1  -1.435468788399316E2  -8.958581065718796E-1  -1.781032772785606E2  -1.079909257773340  -1.766771874681351E2  -1.865457078108867E1   1.478549614154740E2  
 2.523809523809524E9    -2.184752433046410E1  -1.681445002281604E2  -8.272799019328566E-1   1.667227990241492E2  -1.044770142165257   1.692931553798070E2  -2.086392813706670E1   1.165240033227653E2  
 2.528822055137845E9    -2.201500305365016E1   1.752576222693598E2  -8.092012961102791E-1   1.538563307406518E2  -1.061962146664496   1.558243973038914E2  -2.488349942228194E1   7.662965512101317E1  
 2.533834586466166E9    -2.274994143100669E1   1.590416292291199E2  -8.112902628434454E-1   1.421067143355153E2  -1.145531472608086   1.426706187333688E2  -3.039133329968758E1   1.533207710632023E1  
 2.538847117794486E9    -2.367742297276900E1   1.334826510681098E2  -8.468737057882554E-1   1.280069170798316E2  -1.203533176072923   1.299543238468885E2  -2.621597320847370E1  -6.759282285734849E1  
 2.543859649122807E9    -2.759301276892450E1   9.546845319150691E1  -8.792281960438819E-1   1.133938404611080E2  -1.254830950265152   1.163246510786510E2  -2.230062188559606E1  -1.033094486591709E2  
 2.548872180451128E9    -2.985591074630793E1   8.232596028298015E1  -8.924103800846569E-1   1.006299588804860E2  -1.233825209384670   1.032309115571757E2  -1.889363910479707E1  -1.358227715434715E2  
 2.553884711779449E9    -3.761224661726848E1   7.253292804301174E1  -8.976573278034130E-1   8.778675827265644E1  -1.173485898654198   9.114916327264356E1  -1.686297491327439E1  -1.652155827803164E2  
 2.558897243107770E9    -3.706251048750589E1  -2.501341404413407E1  -8.922050026175377E-1   7.431091826218008E1  -1.088619962970722   7.842442408672689E1  -1.623775502897190E1   1.695516032360829E2  
 2.563909774436091E9    -4.046782900634135E1  -1.647089823207188E2  -8.715151784568658E-1   6.090947428114171E1  -1.056089496850838   6.279802213997211E1  -1.656216975520155E1   1.428771610903614E2  
 2.568922305764411E9    -3.225015612624850E1   1.651880583041674E2  -8.620056995646567E-1   4.835632615297661E1  -1.099571957441313   4.981579290908972E1  -1.745884147544896E1   1.165829897239260E2  
 2.573934837092732E9    -2.890403739496125E1   1.542962147530146E2  -8.710489193763921E-1   3.422321015841266E1  -1.139344169979379   3.629110486937125E1  -1.780800429543343E1   8.084108563904019E1  
 2.578947368421053E9    -2.682906875371644E1   1.461363576190541E2  -9.153981789104234E-1   2.152395769536085E1  -1.232149829844368   2.327909182407404E1  -1.848444880502377E1   4.886037597209580E1  
 2.583959899749373E9    -2.559852486870135E1   1.030220367477152E2  -9.494826299545964E-1   7.719628382922566  -1.297747571276163   9.724762495656391  -1.961548843809811E1   5.331391680276887  
 2.588972431077694E9    -2.497133284824480E1   9.273734159673782E1  -9.520853798224158E-1  -5.822711790139522  -1.327840796183570  -2.931511756508027  -1.951074425529568E1  -3.513498562383803E1  
 2.593984962406015E9    -2.494812960918320E1   6.161433997391784E1  -9.827773365130165E-1  -1.846655741101650E1  -1.273176952868895  -1.450969852533674E1  -1.856773404973658E1  -7.777193971552397E1  
 2.598997493734336E9    -2.780912148706701E1   2.192697668214433E1  -9.447410328560884E-1  -3.161399070254581E1  -1.201047292695751  -2.915099393002808E1  -1.783133540450020E1  -1.114361269341579E2  
 2.604010025062656E9    -2.810909792347258E1   4.614705187403120  -9.160833334126497E-1  -4.392435588132008E1  -1.157349045309102  -4.281414521705874E1  -1.783548144255693E1  -1.443966336717308E2  
 2.609022556390978E9    -2.828304734922126E1  -2.032308625995779E1  -8.966185320753676E-1  -5.769354309754684E1  -1.153346376367967  -5.446228510887431E1  -1.841965124401392E1  -1.762832238153550E2  
 2.614035087719298E9    -2.941266106487747E1  -6.894504428303996E1  -8.785725324300882E-1  -7.179707749420388E1  -1.191366805725773  -7.045295803140871E1  -1.918437860945162E1   1.512253103026696E2  
 2.619047619047619E9    -2.851756507809456E1  -1.055825811840142E2  -8.783560788587758E-1  -8.323284260410777E1  -1.227368726223077  -8.328481818724912E1  -2.022503322798395E1   1.161787990441536E2  
 2.624060150375940E9    -2.804162928558381E1  -1.420337751543356E2  -9.082694687921341E-1  -9.865918075474498E1  -1.307271668666003  -9.529523368927536E1  -2.064031478862968E1   7.734386582988867E1  
 2.629072681704261E9    -2.732082911698446E1   1.728405843731975E2  -9.180347620267083E-1  -1.107175286069348E2  -1.355604007679139  -1.091408192303084E2  -2.113896963561839E1   2.989095267766155E1  
 2.634085213032581E9    -2.698654242802221E1   1.656396016150667E2  -9.403133629044362E-1  -1.246614307093425E2  -1.358291215110637  -1.209275800605919E2  -2.076989771261908E1  -1.642444426538770E1  
 2.639097744360902E9    -2.572592459948513E1   1.254473207823621E2  -9.347040405501113E-1  -1.371025582041434E2  -1.324394911538276  -1.352946151870484E2  -1.982571887431734E1  -5.677615562340763E1  
 2.644110275689223E9    -2.744991057697285E1   1.107701480480821E2  -9.281109145933588E-1  -1.509382953128377E2  -1.299887200574465  -1.468826126222123E2  -1.767238025465284E1  -9.144362304586353E1  
 2.649122807017544E9    -2.988911364691372E1   8.169812282950576E1  -9.230086233639908E-1  -1.649083628857040E2  -1.309082844639118  -1.603700875054876E2  -1.678685033408136E1  -1.225517420718821E2  
 2.654135338345865E9    -3.726060638441120E1   7.606035638554540E1  -8.815809206907609E-1  -1.757185612169593E2  -1.309665699020414  -1.749261077972108E2  -1.635429031847020E1  -1.494502028081098E2  
 2.659147869674186E9    -3.634262799642153E1   1.182125604276853E2  -9.037191907645231E-1   1.696517006123677E2  -1.324556456197621   1.733454911391285E2  -1.648256329403682E1  -1.774123817454993E2  
 2.664160401002506E9    -3.344436471861206E1   1.594043662461594E2  -9.130282308996526E-1   1.554236196868687E2  -1.367208507250973   1.595652388260704E2  -1.686926889867623E1   1.528954740438829E2  
 2.669172932330827E9    -2.843679429599834E1   1.568400854470785E2  -9.490105151521682E-1   1.424516124639119E2  -1.356870497666937   1.469250415163507E2  -1.709929508638045E1   1.255821774812700E2  
 2.674185463659148E9    -2.453799167589213E1   1.554417173349418E2  -9.927986166304412E-1   1.290079222959359E2  -1.333879601713276   1.353225636868707E2  -1.894136423776989E1   9.630351459531389E1  
 2.679197994987469E9    -2.273912637355911E1   1.376556361657717E2  -9.978992060103259E-1   1.161873536516205E2  -1.335588105482764   1.211157370323845E2  -1.929026664844673E1   6.335811825854597E1  
 2.684210526315789E9    -2.012233386828323E1   1.188820680567546E2  -1.018857021454528   1.033317461312071E2  -1.287566953866220   1.070242504790030E2  -2.154798941651929E1   2.747669843370767E1  
 2.689223057644111E9    -1.982932778474911E1   1.125995750100633E2  -9.832090849713741E-1   8.997648227066439E1  -1.251717027171362   9.534875358646865E1  -2.395194137394115E1   1.215908203003396E-1  
 2.694235588972431E9    -2.050501541728188E1   8.455103603092459E1  -9.540895599477545E-1   7.618865597749675E1  -1.211244273157882   8.084566356236094E1  -2.581569533190260E1  -5.276339703912356E1  
 2.699248120300752E9    -2.136072696893156E1   6.698675849857889E1  -9.137675768356198E-1   6.435463931250132E1  -1.188082523656304   6.854089716057786E1  -2.675313216812648E1  -1.027032783672201E2  
 2.704260651629073E9    -2.303288048188793E1   5.330191210898978E1  -9.092465361836239E-1   4.912845736535907E1  -1.147888699068764   5.451773667168610E1  -2.447589230087657E1  -1.530501740929023E2  
 2.709273182957394E9    -2.503428589096080E1   3.412431976923556E1  -9.170287913252869E-1   3.725212554260013E1  -1.142183284857594   4.117281409415269E1  -2.456647700811274E1   1.620554734083207E2  
 2.714285714285714E9    -2.858150731308506E1   4.529656940652934  -9.454348455323353E-1   2.274725807215475E1  -1.170629399868166   2.895165435365853E1  -2.303043572130203E1   1.350257200421669E2  
 2.719298245614035E9    -2.980597978313688E1  -6.328875227662599E1  -9.714459751322584E-1   9.060252652820505  -1.153172471997405   1.360461019946617E1  -2.251751017112232E1   9.277026405076572E1  
 2.724310776942356E9    -2.836633359940333E1  -1.155813977909369E2  -1.028446757722543  -4.212062392164717  -1.154252166661484   1.902493688030217  -2.311674950691857E1   6.239394585441897E1  
 2.729323308270677E9    -2.627005174426532E1  -1.593669939502682E2  -1.072789303609407  -1.564854950627681E1  -1.102631966654850  -1.194127197316956E1  -2.224348664227469E1   4.386736230503231E1  
 2.734335839598998E9    -2.349865597287754E1  -1.794772810458829E2  -1.061121491310324  -3.067196890303306E1  -1.077784347376767  -2.477029736273179E1  -2.363698816614333E1   1.032737783035767  
 2.739348370927319E9    -2.177442724994827E1   1.515428780692399E2  -1.052110955707354  -4.380054400981641E1  -1.044768947838782  -3.758140934126178E1  -2.575902913485333E1  -4.311819993283552E1  
 2.744360902255639E9    -2.297226015078642E1   1.285040747237092E2  -1.017430594585890  -5.655664123267885E1  -9.960794988584564E-1  -5.077506206963122E1  -2.727069084995505E1  -7.661237539951186E1  
 2.749373433583960E9    -2.505638477610126E1   1.072925642579938E2  -1.045275468777169  -6.736562385516484E1  -9.274133703442764E-1  -5.845918350692984E1  -2.718453028885337E1  -1.089614206742452E2  
 2.754385964912281E9    -2.890235654878721E1   7.944126685337513E1  -1.055331557446961  -8.345470335445674E1  -9.207391575424295E-1  -7.610863674879172E1  -2.542916872929525E1  -1.633211599334129E2  
 2.759398496240602E9    -3.352084384078508E1   6.262684248127447E1  -1.080493266309446  -9.651141756697199E1  -9.120571777263232E-1  -9.114441622529579E1  -2.556366070084806E1   1.796444611001130E2  
 2.764411027568922E9    -3.336481874914149E1  -6.966948780862691E1  -1.139437466112713  -1.104749917413956E2  -9.067301535749974E-1  -1.043694925112222E2  -2.460199204179912E1   1.457648520575781E2  
 2.769423558897244E9    -2.854118054157454E1  -1.090018175594905E2  -1.163834219480012  -1.238958172712171E2  -9.050646811784515E-1  -1.178195811731151E2  -2.626405243997997E1   1.228677148162321E2  
 2.774436090225564E9    -2.398413501392324E1  -1.437723171842410E2  -1.214062582966675  -1.356752249741546E2  -8.945189306631657E-1  -1.305200007089519E2  -2.833078076823464E1   1.197850042700232E2  
 2.779448621553885E9    -2.030705165918565E1  -1.633475204449189E2  -1.210563049419549  -1.502806540893856E2  -8.809494195199271E-1  -1.446710081843101E2  -3.046625863988401E1   1.099162614712011E2  
 2.784461152882206E9    -2.013779739214320E1  -1.766726438047884E2  -1.225050712236455  -1.619262165918328E2  -8.505398271071605E-1  -1.572257022983561E2  -3.324009796913155E1   1.337825155099993E2  
 2.789473684210527E9    -1.891164114260223E1   1.646178214496763E2  -1.216587863110100  -1.758412863197359E2  -8.264905328946932E-1  -1.699640358223108E2  -2.953850023076496E1   1.446771551123916E2  
 2.794486215538847E9    -1.878534835141613E1   1.439442483050099E2  -1.186640735618097   1.700937762712840E2  -8.431398504610344E-1   1.753949263430535E2  -2.352808776708834E1   1.397162838967623E2  
 2.799498746867168E9    -1.999899226693469E1   1.210844516449036E2  -1.187499062902848   1.570723131731600E2  -8.361849653483250E-1   1.628079859492872E2  -2.224106293013340E1   1.378351140247002E2  
 2.804511278195489E9    -1.934607887238371E1   1.006106751399833E2  -1.195648708773652   1.440472363606103E2  -8.779202802744477E-1   1.476831844187678E2  -2.091568033405252E1   1.141501161530100E2  
 2.809523809523809E9    -2.167541251667806E1   7.780410282388604E1  -1.246781636025357   1.315544356854112E2  -8.810953954155629E-1   1.357277447441469E2  -2.039623299365660E1   1.006134028852688E2  
 2.814536340852130E9    -2.200080633090349E1   5.573561126482618E1  -1.244642558506218   1.180550720056055E2  -8.714568563062441E-1   1.227765298893673E2  -2.055833848014168E1   7.926407562174636E1  
 2.819548872180451E9    -2.557615422178929E1   2.024362979538169E1  -1.259363939288278   1.041824027950578E2  -8.476383241528862E-1   1.090382543589253E2  -2.187621564526057E1   6.149635044844555E1  
 2.824561403508772E9    -2.974193719702334E1  -5.814075026227177  -1.281791387940042   9.216914006287247E1  -7.807325759892296E-1   9.660154023472188E1  -2.361734835052782E1   4.045055367508058E1  
 2.829573934837093E9    -2.768395244672355E1  -7.548597680100986E1  -1.271638956516553   7.981158754525170E1  -7.575634659399321E-1   8.202025349197993E1  -2.643859544354079E1   3.245105783659015E1  
 2.834586466165414E9    -2.801446281441456E1  -1.256848199940582E2  -1.250595913166769   6.644287335810378E1  -7.389368333448129E-1   6.933517741137419E1  -3.160040875027379E1  -1.532042313227231E1  
 2.839598997493734E9    -2.802199186380325E1  -1.697441059975433E2  -1.229891446870763   5.274188459258979E1  -7.584589119827960E-1   5.481302412175545E1  -3.684044845791064E1  -1.366113717950508E2  
 2.844611528822055E9    -2.627312616224011E1   1.713859276607047E2  -1.210081744110840   3.840860315707051E1  -7.723867663536038E-1   4.201995357066593E1  -2.862972352178975E1   1.700333368652829E2  
 2.849624060150376E9    -2.599146589769826E1   1.306026444140723E2  -1.240017299016539   2.541120481559395E1  -7.725137938700862E-1   2.812764154953299E1  -2.688575859955123E1   1.551011602768498E2  
 2.854636591478697E9    -2.574628370829723E1   1.107467369674223E2  -1.239116703860866   1.280293914320329E1  -8.080846364486142E-1   1.483660043441099E1  -2.398902643791015E1   1.281153335649159E2  
 2.859649122807017E9    -2.676029169197442E1   8.132026666761065E1  -1.248308473685942  -1.754269436227160E-1  -7.821468630826741E-1   2.011000278519694  -2.433677420967908E1   1.019803962091325E2  
 2.864661654135338E9    -2.655238322329753E1   4.123392096354157E1  -1.259467365105440  -1.549101904894232E1  -7.811840478332168E-1  -1.207691030007083E1  -2.626372897056552E1   9.252742956867299E1  
 2.869674185463659E9    -2.725700042406126E1   1.088911486096956E1  -1.228070182888386  -2.644863495937654E1  -7.712176386382981E-1  -2.471696024408671E1  -3.069845228075497E1   6.103962291188012E1  
 2.874686716791980E9    -2.798099170471531E1  -4.824318498344795E1  -1.238875435761059  -3.857321563295988E1  -7.689840058872115E-1  -3.787350617031564E1  -3.599416502652213E1   4.649249030832349  
 2.879699248120301E9    -2.477350783955196E1  -7.807002134007948E1  -1.217243897380041  -5.238946523973399E1  -7.668705306865221E-1  -5.126997115305804E1  -3.406376526808528E1  -9.990766046574963E1  
 2.884711779448622E9    -2.359086206512511E1  -1.172689942990840E2  -1.191116415750527  -6.812342857373696E1  -7.975638306763846E-1  -6.487146782605565E1  -2.633977896753601E1  -1.419312526083161E2  
 2.889724310776942E9    -2.304281750752944E1  -1.474962686923961E2  -1.180210779576695  -7.986560616018524E1  -8.676477236096570E-1  -7.674937238870078E1  -2.360313582025845E1  -1.715894617277808E2  
 2.894736842105263E9    -2.147080741925105E1  -1.704010361324817E2  -1.200552376922894  -9.211835016264878E1  -9.001455521873860E-1  -9.050917716560825E1  -2.303774589668423E1   1.779384866904891E2  
 2.899749373433584E9    -2.089201778408172E1   1.644518100344175E2  -1.191890763664655  -1.056384504988546E2  -9.138928407763974E-1  -1.044607491351205E2  -2.103089967762652E1   1.563001828735514E2  
 2.904761904761905E9    -1.990682259123883E1   1.359535013067505E2  -1.195325882240207  -1.198377483274291E2  -9.062655943287820E-1  -1.174906237709721E2  -2.015607046784750E1   1.425316536388289E2  
 2.909774436090226E9    -2.034615802825209E1   1.139966256539414E2  -1.209389997724544  -1.336424335987962E2  -8.986337070196842E-1  -1.308652013610058E2  -2.044735955635561E1   1.288480695199057E2  
 2.914786967418547E9    -2.120698869850559E1   9.134131595512397E1  -1.211561173220187  -1.461388165563978E2  -8.622140999657356E-1  -1.436878016612073E2  -2.016723668012245E1   1.121702675282048E2  
 2.919799498746867E9    -2.217994180642777E1   7.553409527541238E1  -1.199270050954731  -1.579331719400080E2  -8.333434919667584E-1  -1.556890587031202E2  -2.195443368196516E1   1.063864547605145E2  
 2.924812030075188E9    -2.409506035855008E1   4.590743055070945E1  -1.177896808038432  -1.714299793408435E2  -8.008033047179561E-1  -1.712343638438404E2  -2.377127902986824E1   9.447001576440124E1  
 2.929824561403509E9    -2.696853745728857E1   2.895052674342838E1  -1.142846642882680   1.738450859040623E2  -8.117741613606643E-1   1.760994068896812E2  -2.579684841562332E1   8.778018953414141E1  
 2.934837092731830E9    -2.971854245711926E1   9.644347643541755  -1.116164904668720   1.614818279900329E2  -8.194369448846230E-1   1.617900727257468E2  -2.792682545584445E1   9.021895467718089E1  
 2.939849624060150E9    -4.229111722696057E1  -5.949320250622456E1  -1.102558086520779   1.494380036409383E2  -8.276581251951622E-1   1.492661951260365E2  -3.148491137685312E1   8.977411523129381E1  
 2.944862155388472E9    -3.502563475158196E1   1.644109908229820E2  -1.134272197317590   1.350760622267578E2  -8.236486761546411E-1   1.355369540399541E2  -3.246787568587248E1   8.686717551832382E1  
 2.949874686716792E9    -2.888783643161647E1   1.365569307317141E2  -1.151179873901178   1.207464608292705E2  -8.212701721998860E-1   1.220534030436625E2  -3.201784352574784E1   9.566898932437246E1  
 2.954887218045113E9    -2.583515113293549E1   1.137254016645209E2  -1.163989131878350   1.080820310871228E2  -8.286019720753883E-1   1.085081182569009E2  -3.603764971990781E1   1.198640061915900E2  
 2.959899749373434E9    -2.440417697802945E1   9.178415570978520E1  -1.185669392382817   9.538543833127154E1  -8.086508827095212E-1   9.377938426703442E1  -4.216287613415352E1   1.533817013110142E2  
 2.964912280701755E9    -2.313740468469994E1   6.817209863792407E1  -1.177515053623132   8.167569582958282E1  -8.287405674739600E-1   8.205031434253728E1  -3.774424599873180E1  -1.772885224001343E2  
 2.969924812030075E9    -2.370969320094572E1   4.526049130980370E1  -1.155266396433569   6.877735084118359E1  -8.370320102033007E-1   6.911963782841349E1  -3.161196999148716E1   1.692501373822974E2  
 2.974937343358396E9    -2.490650737970000E1   2.476341190349127E1  -1.136663089529993   5.677180314085877E1  -8.158759327086755E-1   5.704056339935341E1  -3.085991648220027E1   1.665161920839047E2  
 2.979949874686717E9    -2.540303573594805E1  -9.811979874903297  -1.073434884793541   4.183457104120740E1  -8.485355363708740E-1   4.221111059420352E1  -2.961778180305464E1   1.659037398390457E2  
 2.984962406015038E9    -2.733984781762220E1  -5.294836018133542E1  -1.085230408959635   2.981244516671594E1  -8.349001598823473E-1   2.822105179245443E1  -2.948896175477768E1   1.407896985887919E2  
 2.989974937343359E9    -2.743820042351824E1  -9.784036460681658E1  -1.076193236436253   1.629363903684156E1  -8.286563579415843E-1   1.530937086770285E1  -3.285814844586436E1   1.232631704172454E2  
 2.994987468671680E9    -2.610609437314071E1  -1.413515819790655E2  -1.115756159903225   3.382800863766421  -8.309586772519709E-1   3.626934411290884  -3.440460749615514E1   1.189467318754649E2  
 3.000000000000000E9    -2.474293466141134E1   1.787496234902501E2  -1.156477023871541  -1.091423337460825E1  -8.374713700383956E-1  -1.022699232675988E1  -3.887591775335216E1   1.520446728908564E2  